0 0.47596153846153844 0.47716346153846156 0.7836538461538461 0.9086538461538461
0 0.953125 0.7692307692307693 0.0889423076923077 0.3173076923076923
0 0.4387019230769231 0.8052884615384616 0.06009615384615385 0.1346153846153846
0 0.23918269230769232 0.8245192307692307 0.03365384615384615 0.08173076923076923
0 0.025240384615384616 0.828125 0.04567307692307692 0.11298076923076923
0 0.6754807692307693 0.8317307692307693 0.11298076923076923 0.0985576923076923
0 0.12379807692307693 0.8329326923076923 0.04807692307692308 0.06490384615384616
0 0.3762019230769231 0.8341346153846154 0.03365384615384615 0.06490384615384616
0 0.09735576923076923 0.8353365384615384 0.03365384615384615 0.0673076923076923
0 0.19110576923076922 0.8353365384615384 0.057692307692307696 0.05048076923076923
0 0.46033653846153844 0.8365384615384616 0.040865384615384616 0.08173076923076923
0 0.3076923076923077 0.8377403846153846 0.055288461538461536 0.07932692307692307
0 0.41947115384615385 0.8389423076923077 0.026442307692307692 0.055288461538461536
0 0.39663461538461536 0.8389423076923077 0.038461538461538464 0.0625
0 0.5805288461538461 0.8401442307692307 0.03365384615384615 0.0673076923076923
0 0.6057692307692307 0.8425480769230769 0.038461538461538464 0.0625
0 0.06610576923076923 0.84375 0.04326923076923077 0.08413461538461539
0 0.35336538461538464 0.8449519230769231 0.036057692307692304 0.0673076923076923
0 0.5528846153846154 0.8449519230769231 0.036057692307692304 0.0625
0 0.5288461538461539 0.8449519230769231 0.02403846153846154 0.04807692307692308
0 0.8161057692307693 0.8449519230769231 0.057692307692307696 0.12259615384615384
0 0.8737980769230769 0.8461538461538461 0.0673076923076923 0.1201923076923077
0 0.7572115384615384 0.8473557692307693 0.0673076923076923 0.09134615384615384
0 0.9230769230769231 0.8581730769230769 0.04807692307692308 0.09134615384615384