0 0.5240384615384616 0.5228365384615384 0.7836538461538461 0.9086538461538461
0 0.04567307692307692 0.23197115384615385 0.09134615384615384 0.31490384615384615
0 0.5612980769230769 0.19471153846153846 0.06009615384615385 0.1346153846153846
0 0.7608173076923077 0.17548076923076922 0.03365384615384615 0.08173076923076923
0 0.9747596153846154 0.171875 0.04567307692307692 0.11298076923076923
0 0.3245192307692308 0.16826923076923078 0.11298076923076923 0.0985576923076923
0 0.8762019230769231 0.16706730769230768 0.04807692307692308 0.06490384615384616
0 0.6237980769230769 0.1658653846153846 0.03365384615384615 0.06490384615384616
0 0.9026442307692307 0.16466346153846154 0.03365384615384615 0.0673076923076923
0 0.8088942307692307 0.16466346153846154 0.057692307692307696 0.05048076923076923
0 0.5396634615384616 0.16346153846153846 0.040865384615384616 0.08173076923076923
0 0.6923076923076923 0.1622596153846154 0.055288461538461536 0.07932692307692307
0 0.5805288461538461 0.16105769230769232 0.026442307692307692 0.055288461538461536
0 0.6033653846153846 0.16105769230769232 0.040865384615384616 0.0625
0 0.41947115384615385 0.15985576923076922 0.03365384615384615 0.0673076923076923
0 0.3942307692307692 0.15745192307692307 0.038461538461538464 0.0625
0 0.9338942307692307 0.15625 0.04326923076923077 0.08413461538461539
0 0.6466346153846154 0.15504807692307693 0.036057692307692304 0.0673076923076923
0 0.44711538461538464 0.15504807692307693 0.036057692307692304 0.0625
0 0.47115384615384615 0.15504807692307693 0.02403846153846154 0.04807692307692308
0 0.18389423076923078 0.15504807692307693 0.057692307692307696 0.12259615384615384
0 0.12620192307692307 0.15384615384615385 0.06971153846153846 0.1201923076923077
0 0.24278846153846154 0.15264423076923078 0.0673076923076923 0.09134615384615384
0 0.07692307692307693 0.14182692307692307 0.04807692307692308 0.09134615384615384