0 0.5528846153846154 0.5048076923076923 0.875 0.9663461538461539
0 0.9447115384615384 0.27163461538461536 0.10336538461538461 0.16826923076923078
0 0.7391826923076923 0.265625 0.07692307692307693 0.14423076923076922
0 0.7043269230769231 0.2644230769230769 0.0625 0.1346153846153846
0 0.8810096153846154 0.2644230769230769 0.09615384615384616 0.14903846153846154
0 0.11899038461538461 0.2644230769230769 0.08413461538461539 0.10096153846153846
0 0.3485576923076923 0.2644230769230769 0.06490384615384616 0.11057692307692307
0 0.7860576923076923 0.26322115384615385 0.0625 0.1346153846153846
0 0.28725961538461536 0.25961538461538464 0.07451923076923077 0.1201923076923077
0 0.23317307692307693 0.25721153846153844 0.0673076923076923 0.11057692307692307
0 0.1778846153846154 0.25721153846153844 0.0625 0.11778846153846154
0 0.8954326923076923 0.25600961538461536 0.06009615384615385 0.1201923076923077
0 0.037259615384615384 0.2548076923076923 0.07451923076923077 0.11538461538461539
0 0.8197115384615384 0.25240384615384615 0.08653846153846154 0.15144230769230768
0 0.234375 0.24759615384615385 0.03365384615384615 0.08173076923076923
0 0.296875 0.23677884615384615 0.10817307692307693 0.08173076923076923
0 0.44350961538461536 0.23677884615384615 0.15625 0.09615384615384616
0 0.6947115384615384 0.23557692307692307 0.057692307692307696 0.0889423076923077
0 0.7788461538461539 0.22716346153846154 0.04326923076923077 0.07451923076923077
0 0.7427884615384616 0.21875 0.06009615384615385 0.06009615384615385
0 0.8100961538461539 0.21875 0.04807692307692308 0.07211538461538461
0 0.5480769230769231 0.21514423076923078 0.040865384615384616 0.0673076923076923