0 0.5528846153846154 0.4951923076923077 0.875 0.9663461538461539
0 0.9447115384615384 0.7283653846153846 0.10336538461538461 0.16826923076923078
0 0.7391826923076923 0.734375 0.07692307692307693 0.14423076923076922
0 0.7043269230769231 0.7355769230769231 0.0625 0.1346153846153846
0 0.8810096153846154 0.7355769230769231 0.09615384615384616 0.14903846153846154
0 0.11899038461538461 0.7355769230769231 0.08413461538461539 0.10096153846153846
0 0.3485576923076923 0.7355769230769231 0.0625 0.11057692307692307
0 0.7860576923076923 0.7367788461538461 0.0625 0.1346153846153846
0 0.28725961538461536 0.7403846153846154 0.07211538461538461 0.1201923076923077
0 0.23317307692307693 0.7427884615384616 0.0673076923076923 0.11057692307692307
0 0.1778846153846154 0.7427884615384616 0.0625 0.11778846153846154
0 0.8954326923076923 0.7439903846153846 0.06009615384615385 0.1201923076923077
0 0.037259615384615384 0.7451923076923077 0.07211538461538461 0.11538461538461539
0 0.8197115384615384 0.7475961538461539 0.08653846153846154 0.15144230769230768
0 0.234375 0.7524038461538461 0.03365384615384615 0.08173076923076923
0 0.296875 0.7632211538461539 0.10576923076923077 0.08173076923076923
0 0.44350961538461536 0.7632211538461539 0.15625 0.09615384615384616
0 0.6947115384615384 0.7644230769230769 0.057692307692307696 0.0889423076923077
0 0.7788461538461539 0.7728365384615384 0.04326923076923077 0.07451923076923077
0 0.7427884615384616 0.78125 0.06009615384615385 0.06009615384615385
0 0.8100961538461539 0.78125 0.04807692307692308 0.07211538461538461
0 0.5480769230769231 0.7848557692307693 0.038461538461538464 0.0673076923076923