0 0.49158653846153844 0.3545673076923077 0.9831730769230769 0.5528846153846154
0 0.859375 0.22596153846153846 0.057692307692307696 0.021634615384615384
0 0.8617788461538461 0.20192307692307693 0.052884615384615384 0.019230769230769232
0 0.8713942307692307 0.16706730769230768 0.02403846153846154 0.05048076923076923
0 0.8737980769230769 0.2692307692307692 0.06490384615384616 0.021634615384615384
0 0.8774038461538461 0.6454326923076923 0.13942307692307693 0.038461538461538464
0 0.8834134615384616 0.7536057692307693 0.1875 0.03365384615384615
0 0.8858173076923077 0.6189903846153846 0.12259615384615384 0.038461538461538464
0 0.8858173076923077 0.71875 0.16826923076923078 0.028846153846153848
0 0.8858173076923077 0.7427884615384616 0.17307692307692307 0.038461538461538464
0 0.8870192307692307 0.6742788461538461 0.13942307692307693 0.03365384615384615
0 0.8882211538461539 0.8064903846153846 0.18269230769230768 0.038461538461538464
0 0.8894230769230769 0.9567307692307693 0.20673076923076922 0.04807692307692308
0 0.8894230769230769 0.7824519230769231 0.17307692307692307 0.04326923076923077
0 0.8918269230769231 0.6983173076923077 0.14423076923076922 0.036057692307692304
0 0.8930288461538461 0.9399038461538461 0.20673076923076922 0.05048076923076923
0 0.8942307692307693 0.9735576923076923 0.20673076923076922 0.04807692307692308
0 0.8978365384615384 0.5949519230769231 0.11057692307692307 0.04326923076923077
0 0.8990384615384616 0.8689903846153846 0.18269230769230768 0.04326923076923077
0 0.8990384615384616 0.8329326923076923 0.17307692307692307 0.04567307692307692
0 0.8990384615384616 0.9014423076923077 0.1875 0.05048076923076923
0 0.9038461538461539 0.8461538461538461 0.1778846153846154 0.04326923076923077
0 0.9038461538461539 0.9170673076923077 0.18269230769230768 0.055288461538461536
0 0.90625 0.8822115384615384 0.17548076923076922 0.04807692307692308
0 0.9146634615384616 0.5552884615384616 0.04326923076923077 0.04326923076923077