0 0.9723557692307693 0.7235576923076923 0.04326923076923077 0.038461538461538464
0 0.6310096153846154 0.030048076923076924 0.15144230769230768 0.057692307692307696
0 0.6009615384615384 0.06370192307692307 0.11057692307692307 0.09134615384615384
0 0.5961538461538461 0.08533653846153846 0.125 0.04326923076923077
0 0.5492788461538461 0.9302884615384616 0.3581730769230769 0.1346153846153846
0 0.5264423076923077 0.4879807692307692 0.875 0.8990384615384616
0 0.40024038461538464 0.9206730769230769 0.3004807692307692 0.15384615384615385
0 0.34375 0.9122596153846154 0.21634615384615385 0.17307692307692307
0 0.31490384615384615 0.03365384615384615 0.10817307692307693 0.06490384615384616
0 0.9158653846153846 0.8028846153846154 0.04807692307692308 0.055288461538461536
0 0.8473557692307693 0.9050480769230769 0.1658653846153846 0.17548076923076922