0 0.027644230769230768 0.2764423076923077 0.04326923076923077 0.038461538461538464
0 0.3701923076923077 0.96875 0.15384615384615385 0.057692307692307696
0 0.39903846153846156 0.9362980769230769 0.11057692307692307 0.09134615384615384
0 0.40384615384615385 0.9146634615384616 0.125 0.04326923076923077
0 0.4519230769230769 0.06850961538461539 0.3557692307692308 0.1346153846153846
0 0.4735576923076923 0.5120192307692307 0.875 0.8990384615384616
0 0.5997596153846154 0.07932692307692307 0.3004807692307692 0.15384615384615385
0 0.65625 0.08774038461538461 0.21634615384615385 0.17307692307692307
0 0.6850961538461539 0.9663461538461539 0.10817307692307693 0.06490384615384616
0 0.08413461538461539 0.1971153846153846 0.04807692307692308 0.055288461538461536
0 0.15264423076923078 0.09495192307692307 0.1658653846153846 0.17548076923076922