0 0.2764423076923077 0.9723557692307693 0.038461538461538464 0.04326923076923077
0 0.9699519230769231 0.6310096153846154 0.057692307692307696 0.15144230769230768
0 0.9362980769230769 0.6009615384615384 0.09134615384615384 0.11298076923076923
0 0.9146634615384616 0.5961538461538461 0.04326923076923077 0.125
0 0.06850961538461539 0.5480769230769231 0.13701923076923078 0.3557692307692308
0 0.5120192307692307 0.5264423076923077 0.8990384615384616 0.875
0 0.07932692307692307 0.40024038461538464 0.15384615384615385 0.3004807692307692
0 0.08774038461538461 0.34375 0.17548076923076922 0.21634615384615385
0 0.9663461538461539 0.31490384615384615 0.06490384615384616 0.10817307692307693
0 0.1971153846153846 0.9158653846153846 0.055288461538461536 0.04807692307692308
0 0.09495192307692307 0.8473557692307693 0.17548076923076922 0.1658653846153846