0 0.5649038461538461 0.578125 0.8341346153846154 0.8269230769230769
0 0.24879807692307693 0.39302884615384615 0.24278846153846154 0.35096153846153844
0 0.6045673076923077 0.3088942307692308 0.07692307692307693 0.15144230769230768
0 0.8209134615384616 0.30528846153846156 0.0625 0.09134615384615384
0 0.7584134615384616 0.2956730769230769 0.052884615384615384 0.10096153846153846
0 0.9627403846153846 0.28966346153846156 0.052884615384615384 0.09134615384615384
0 0.6875 0.28846153846153844 0.08173076923076923 0.052884615384615384
0 0.9314903846153846 0.28725961538461536 0.052884615384615384 0.09134615384615384
0 0.9026442307692307 0.28725961538461536 0.04326923076923077 0.09134615384615384
0 0.8713942307692307 0.28365384615384615 0.038461538461538464 0.06971153846153846
0 0.030048076923076924 0.2800480769230769 0.057692307692307696 0.08653846153846154
0 0.2956730769230769 0.2800480769230769 0.07692307692307693 0.09615384615384616
0 0.14302884615384615 0.2776442307692308 0.04567307692307692 0.07932692307692307
0 0.11538461538461539 0.2764423076923077 0.040865384615384616 0.0625
0 0.08173076923076923 0.2764423076923077 0.040865384615384616 0.0673076923076923
0 0.3557692307692308 0.27524038461538464 0.055288461538461536 0.08413461538461539
0 0.1875 0.27403846153846156 0.06009615384615385 0.09615384615384616
0 0.2283653846153846 0.2704326923076923 0.06009615384615385 0.08413461538461539
0 0.3954326923076923 0.26802884615384615 0.04807692307692308 0.07932692307692307
0 0.6850961538461539 0.2620192307692308 0.052884615384615384 0.04567307692307692