0 0.5649038461538461 0.421875 0.8341346153846154 0.8269230769230769
0 0.24879807692307693 0.6069711538461539 0.2403846153846154 0.35096153846153844
0 0.6045673076923077 0.6911057692307693 0.07692307692307693 0.15144230769230768
0 0.8209134615384616 0.6947115384615384 0.0625 0.09134615384615384
0 0.7584134615384616 0.7043269230769231 0.052884615384615384 0.10096153846153846
0 0.9627403846153846 0.7103365384615384 0.052884615384615384 0.09134615384615384
0 0.6875 0.7115384615384616 0.08173076923076923 0.052884615384615384
0 0.9314903846153846 0.7127403846153846 0.052884615384615384 0.09134615384615384
0 0.9026442307692307 0.7127403846153846 0.04326923076923077 0.09134615384615384
0 0.8713942307692307 0.7163461538461539 0.038461538461538464 0.06971153846153846
0 0.030048076923076924 0.7199519230769231 0.057692307692307696 0.08653846153846154
0 0.2956730769230769 0.7199519230769231 0.07692307692307693 0.09615384615384616
0 0.14302884615384615 0.7223557692307693 0.04567307692307692 0.07932692307692307
0 0.11538461538461539 0.7235576923076923 0.038461538461538464 0.0625
0 0.08173076923076923 0.7235576923076923 0.040865384615384616 0.0673076923076923
0 0.3557692307692308 0.7247596153846154 0.055288461538461536 0.08413461538461539
0 0.1875 0.7259615384615384 0.06009615384615385 0.09615384615384616
0 0.2283653846153846 0.7295673076923077 0.06009615384615385 0.08413461538461539
0 0.3954326923076923 0.7319711538461539 0.04807692307692308 0.07932692307692307
0 0.6850961538461539 0.7379807692307693 0.052884615384615384 0.04567307692307692