0 0.5132211538461539 0.5889423076923077 0.5913461538461539 0.6634615384615384
0 0.9495192307692307 0.3545673076923077 0.09375 0.13942307692307693
0 0.8016826923076923 0.3425480769230769 0.08653846153846154 0.13221153846153846
0 0.6237980769230769 0.34134615384615385 0.08173076923076923 0.10817307692307693
0 0.7079326923076923 0.34134615384615385 0.10096153846153846 0.13701923076923078
0 0.359375 0.3329326923076923 0.07692307692307693 0.09615384615384616
0 0.2824519230769231 0.3317307692307692 0.08653846153846154 0.10576923076923077
0 0.16346153846153846 0.3317307692307692 0.05048076923076923 0.09134615384615384
0 0.8978365384615384 0.33052884615384615 0.0625 0.06490384615384616
0 0.4651442307692308 0.3293269230769231 0.057692307692307696 0.11298076923076923
0 0.5540865384615384 0.3293269230769231 0.055288461538461536 0.1201923076923077
0 0.8557692307692307 0.328125 0.03365384615384615 0.0673076923076923
0 0.11298076923076923 0.328125 0.0673076923076923 0.08413461538461539
0 0.21394230769230768 0.3233173076923077 0.06490384615384616 0.09134615384615384
0 0.04567307692307692 0.32211538461538464 0.07451923076923077 0.08653846153846154
0 0.41225961538461536 0.32091346153846156 0.052884615384615384 0.10576923076923077