0 0.3894230769230769 0.30288461538461536 0.6682692307692307 0.49038461538461536
0 0.5805288461538461 0.8112980769230769 0.21875 0.12980769230769232
0 0.5841346153846154 0.6069711538461539 0.16826923076923078 0.11057692307692307
0 0.5925480769230769 0.9543269230769231 0.20432692307692307 0.08653846153846154
0 0.5961538461538461 0.8978365384615384 0.15865384615384615 0.08413461538461539
0 0.6009615384615384 0.7043269230769231 0.15625 0.10096153846153846
0 0.6081730769230769 0.028846153846153848 0.13942307692307693 0.052884615384615384
0 0.6129807692307693 0.7007211538461539 0.09615384615384616 0.038461538461538464
0 0.6165865384615384 0.5252403846153846 0.09134615384615384 0.04567307692307692
0 0.6237980769230769 0.5 0.07692307692307693 0.04326923076923077
0 0.625 0.16947115384615385 0.10576923076923077 0.057692307692307696
0 0.6274038461538461 0.43509615384615385 0.07932692307692307 0.057692307692307696
0 0.6298076923076923 0.4723557692307692 0.07692307692307693 0.052884615384615384
0 0.6370192307692307 0.2247596153846154 0.0625 0.05048076923076923
0 0.6418269230769231 0.04807692307692308 0.0625 0.052884615384615384
0 0.6430288461538461 0.3701923076923077 0.038461538461538464 0.07211538461538461
0 0.6454326923076923 0.27884615384615385 0.040865384615384616 0.04807692307692308
0 0.6454326923076923 0.10697115384615384 0.0673076923076923 0.06971153846153846
0 0.6502403846153846 0.31850961538461536 0.03125 0.04326923076923077