0 0.6971153846153846 0.3894230769230769 0.49038461538461536 0.6682692307692307
0 0.18870192307692307 0.5805288461538461 0.12980769230769232 0.21875
0 0.39302884615384615 0.5841346153846154 0.11057692307692307 0.16826923076923078
0 0.04447115384615385 0.5913461538461539 0.0889423076923077 0.20192307692307693
0 0.10216346153846154 0.5961538461538461 0.08413461538461539 0.15865384615384615
0 0.2956730769230769 0.6009615384615384 0.10096153846153846 0.15625
0 0.9711538461538461 0.6081730769230769 0.052884615384615384 0.13942307692307693
0 0.29927884615384615 0.6129807692307693 0.038461538461538464 0.09615384615384616
0 0.47475961538461536 0.6165865384615384 0.04567307692307692 0.09134615384615384
0 0.5 0.6237980769230769 0.04326923076923077 0.07692307692307693
0 0.8305288461538461 0.625 0.057692307692307696 0.10576923076923077
0 0.5649038461538461 0.6274038461538461 0.057692307692307696 0.07932692307692307
0 0.5276442307692307 0.6298076923076923 0.052884615384615384 0.07692307692307693
0 0.7752403846153846 0.6370192307692307 0.05048076923076923 0.0625
0 0.9519230769230769 0.6418269230769231 0.052884615384615384 0.0625
0 0.6298076923076923 0.6430288461538461 0.07211538461538461 0.038461538461538464
0 0.7211538461538461 0.6454326923076923 0.04807692307692308 0.040865384615384616
0 0.8930288461538461 0.6454326923076923 0.06971153846153846 0.0673076923076923
0 0.6814903846153846 0.6502403846153846 0.04326923076923077 0.03125