0 0.4110576923076923 0.5132211538461539 0.6634615384615384 0.5913461538461539
0 0.6454326923076923 0.9495192307692307 0.13942307692307693 0.09375
0 0.6574519230769231 0.8016826923076923 0.12980769230769232 0.08653846153846154
0 0.6586538461538461 0.6237980769230769 0.10817307692307693 0.08173076923076923
0 0.6586538461538461 0.7079326923076923 0.13701923076923078 0.10096153846153846
0 0.6670673076923077 0.359375 0.09615384615384616 0.07692307692307693
0 0.6682692307692307 0.2824519230769231 0.10576923076923077 0.08653846153846154
0 0.6682692307692307 0.16346153846153846 0.09134615384615384 0.04807692307692308
0 0.6694711538461539 0.8978365384615384 0.06490384615384616 0.0625
0 0.6706730769230769 0.4651442307692308 0.11298076923076923 0.057692307692307696
0 0.6706730769230769 0.5540865384615384 0.1201923076923077 0.055288461538461536
0 0.671875 0.8557692307692307 0.0673076923076923 0.03365384615384615
0 0.671875 0.11298076923076923 0.08413461538461539 0.0673076923076923
0 0.6766826923076923 0.21394230769230768 0.09134615384615384 0.0625
0 0.6778846153846154 0.04567307692307692 0.08653846153846154 0.07451923076923077
0 0.6790865384615384 0.41225961538461536 0.10576923076923077 0.052884615384615384