0 0.3485576923076923 0.7764423076923077 0.11057692307692307 0.07451923076923077
0 0.20192307692307693 0.7764423076923077 0.22115384615384615 0.44471153846153844
0 0.5793269230769231 0.7944711538461539 0.1466346153846154 0.038461538461538464
0 0.9038461538461539 0.8341346153846154 0.04807692307692308 0.09615384615384616
0 0.9266826923076923 0.8545673076923077 0.05048076923076923 0.09134615384615384
0 0.9519230769230769 0.8605769230769231 0.038461538461538464 0.0889423076923077
0 0.9831730769230769 0.8617788461538461 0.028846153846153848 0.09375
0 0.5384615384615384 0.48197115384615385 0.8798076923076923 0.8701923076923077
0 0.03125 0.7367788461538461 0.0625 0.12980769230769232
0 0.09254807692307693 0.7415865384615384 0.057692307692307696 0.1201923076923077
0 0.13341346153846154 0.7463942307692307 0.07211538461538461 0.11057692307692307
0 0.2403846153846154 0.7487980769230769 0.11057692307692307 0.11538461538461539
0 0.8353365384615384 0.7620192307692307 0.0985576923076923 0.10817307692307693