0 0.7764423076923077 0.6514423076923077 0.07451923076923077 0.11057692307692307
0 0.7764423076923077 0.7980769230769231 0.44471153846153844 0.22115384615384615
0 0.7944711538461539 0.4206730769230769 0.038461538461538464 0.1466346153846154
0 0.8341346153846154 0.09615384615384616 0.09615384615384616 0.04807692307692308
0 0.8545673076923077 0.0733173076923077 0.09134615384615384 0.05048076923076923
0 0.8605769230769231 0.04807692307692308 0.0889423076923077 0.038461538461538464
0 0.8617788461538461 0.016826923076923076 0.09375 0.028846153846153848
0 0.48197115384615385 0.46153846153846156 0.8701923076923077 0.8798076923076923
0 0.7367788461538461 0.9675480769230769 0.13221153846153846 0.06009615384615385
0 0.7415865384615384 0.9074519230769231 0.1201923076923077 0.06009615384615385
0 0.7463942307692307 0.8665865384615384 0.11057692307692307 0.07211538461538461
0 0.7487980769230769 0.7596153846153846 0.11538461538461539 0.11298076923076923
0 0.7620192307692307 0.16466346153846154 0.10817307692307693 0.0985576923076923