16 0.6105769230769231 0.9182692307692307 0.04326923076923077 0.0673076923076923
10 0.6153846153846154 0.9591346153846154 0.07932692307692307 0.052884615384615384
15 0.22355769230769232 0.9795673076923077 0.04807692307692308 0.040865384615384616
10 0.23918269230769232 0.9927884615384616 0.07932692307692307 0.014423076923076924
16 0.22956730769230768 0.6586538461538461 0.0625 0.07692307692307693
10 0.2439903846153846 0.7055288461538461 0.0985576923076923 0.07211538461538461
16 0.8016826923076923 0.21634615384615385 0.0673076923076923 0.11538461538461539
10 0.8221153846153846 0.2860576923076923 0.09134615384615384 0.07692307692307693
6 0.5877403846153846 0.8016826923076923 0.25721153846153844 0.1971153846153846
6 0.25841346153846156 0.8497596153846154 0.3581730769230769 0.15625
10 0.5805288461538461 0.640625 0.08653846153846154 0.055288461538461536
10 0.890625 0.5853365384615384 0.08173076923076923 0.05048076923076923
10 0.9362980769230769 0.8990384615384616 0.07692307692307693 0.055288461538461536
10 0.5048076923076923 0.33413461538461536 0.0625 0.052884615384615384
10 0.18269230769230768 0.3942307692307692 0.09375 0.05048076923076923
16 0.5 0.30528846153846156 0.028846153846153848 0.052884615384615384
16 0.8882211538461539 0.5637019230769231 0.03125 0.038461538461538464
15 0.9362980769230769 0.8641826923076923 0.052884615384615384 0.057692307692307696