16 0.4483173076923077 0.6754807692307693 0.25721153846153844 0.29086538461538464
9 0.5348557692307693 0.7283653846153846 0.06490384615384616 0.0625
5 0.4675480769230769 0.30649038461538464 0.7548076923076923 0.28125
1 0.7055288461538461 0.2776442307692308 0.08653846153846154 0.04326923076923077
1 0.6935096153846154 0.12620192307692307 0.09134615384615384 0.04807692307692308
6 0.4795673076923077 0.2824519230769231 0.9206730769230769 0.5625
0 0.27163461538461536 0.27283653846153844 0.057692307692307696 0.04567307692307692
0 0.22355769230769232 0.40865384615384615 0.040865384615384616 0.040865384615384616
0 0.14423076923076922 0.3293269230769231 0.05048076923076923 0.038461538461538464
0 0.18028846153846154 0.19951923076923078 0.052884615384615384 0.038461538461538464
0 0.42427884615384615 0.1875 0.04567307692307692 0.038461538461538464
0 0.5769230769230769 0.20432692307692307 0.03365384615384615 0.036057692307692304
0 0.5985576923076923 0.27524038461538464 0.04807692307692308 0.04326923076923077
0 0.6262019230769231 0.4110576923076923 0.040865384615384616 0.038461538461538464
0 0.7271634615384616 0.3473557692307692 0.04567307692307692 0.036057692307692304
0 0.8197115384615384 0.19230769230769232 0.05048076923076923 0.03365384615384615
0 0.7584134615384616 0.3870192307692308 0.055288461538461536 0.04326923076923077