14 0.5060096153846154 0.5540865384615384 0.3269230769230769 0.21875
10 0.45913461538461536 0.7764423076923077 0.65625 0.22115384615384615
0 0.18629807692307693 0.24879807692307693 0.12259615384615384 0.07211538461538461
0 0.07572115384615384 0.07211538461538461 0.10576923076923077 0.06490384615384616
0 0.30649038461538464 0.05889423076923077 0.0889423076923077 0.06009615384615385
0 0.5324519230769231 0.19951923076923078 0.12259615384615384 0.07692307692307693
0 0.6923076923076923 0.036057692307692304 0.0985576923076923 0.055288461538461536
0 0.9002403846153846 0.09375 0.09134615384615384 0.0673076923076923
0 0.8521634615384616 0.328125 0.09134615384615384 0.07932692307692307
0 0.9711538461538461 0.296875 0.057692307692307696 0.040865384615384616
5 0.5336538461538461 0.17067307692307693 0.9326923076923077 0.34134615384615385
6 0.5024038461538461 0.2283653846153846 0.9951923076923077 0.4567307692307692