16 0.21153846153846154 0.8798076923076923 0.11538461538461539 0.14423076923076922
13 0.21394230769230768 0.9759615384615384 0.14903846153846154 0.04807692307692308
13 0.47836538461538464 0.9627403846153846 0.0625 0.06490384615384616
13 0.7319711538461539 0.9435096153846154 0.17548076923076922 0.08173076923076923
13 0.9747596153846154 0.9254807692307693 0.05048076923076923 0.0673076923076923
16 0.4651442307692308 0.9014423076923077 0.04807692307692308 0.057692307692307696
16 0.7271634615384616 0.8209134615384616 0.14423076923076922 0.1658653846153846
16 0.9867788461538461 0.8677884615384616 0.026442307692307692 0.09134615384615384
9 0.23076923076923078 0.7536057692307693 0.057692307692307696 0.10576923076923077
9 0.6911057692307693 0.8112980769230769 0.06971153846153846 0.125
0 0.10216346153846154 0.5336538461538461 0.03365384615384615 0.06971153846153846
0 0.15144230769230768 0.4411057692307692 0.03365384615384615 0.05048076923076923
0 0.2091346153846154 0.46634615384615385 0.04326923076923077 0.07451923076923077
0 0.2800480769230769 0.5889423076923077 0.036057692307692304 0.05048076923076923
0 0.2764423076923077 0.6610576923076923 0.02403846153846154 0.05048076923076923
0 0.11177884615384616 0.6706730769230769 0.038461538461538464 0.057692307692307696
0 0.41586538461538464 0.7319711538461539 0.026442307692307692 0.038461538461538464
0 0.4675480769230769 0.7175480769230769 0.02403846153846154 0.04326923076923077
0 0.6021634615384616 0.4266826923076923 0.04567307692307692 0.10576923076923077
0 0.5432692307692307 0.5625 0.036057692307692304 0.06490384615384616
0 0.6526442307692307 0.33653846153846156 0.03365384615384615 0.0625
0 0.7403846153846154 0.36778846153846156 0.05048076923076923 0.10336538461538461
0 0.6850961538461539 0.24519230769230768 0.06009615384615385 0.08173076923076923
0 0.7860576923076923 0.2512019230769231 0.04326923076923077 0.057692307692307696
0 0.828125 0.38221153846153844 0.040865384615384616 0.08413461538461539
0 0.9735576923076923 0.6514423076923077 0.04326923076923077 0.06490384615384616
0 0.9411057692307693 0.7560096153846154 0.036057692307692304 0.06009615384615385
0 0.9915865384615384 0.734375 0.016826923076923076 0.055288461538461536
4 0.7043269230769231 0.5564903846153846 0.2403846153846154 0.2091346153846154
2 0.45552884615384615 0.7920673076923077 0.04567307692307692 0.04807692307692308
5 0.18870192307692307 0.5793269230769231 0.1201923076923077 0.16105769230769232
6 0.1971153846153846 0.5757211538461539 0.30288461538461536 0.4543269230769231
6 0.4567307692307692 0.7427884615384616 0.14903846153846154 0.17548076923076922
6 0.6911057692307693 0.4567307692307692 0.42788461538461536 0.5721153846153846
6 0.9471153846153846 0.6899038461538461 0.10576923076923077 0.2403846153846154