16 0.5564903846153846 0.4579326923076923 0.30528846153846156 0.3004807692307692
16 0.26802884615384615 0.49759615384615385 0.17307692307692307 0.16826923076923078
16 0.7896634615384616 0.6009615384615384 0.1201923076923077 0.10096153846153846
12 0.25721153846153844 0.625 0.19230769230769232 0.12980769230769232
12 0.5276442307692307 0.6742788461538461 0.3076923076923077 0.19230769230769232
12 0.7872596153846154 0.6923076923076923 0.18269230769230768 0.11778846153846154
4 0.2620192307692308 0.3557692307692308 0.22596153846153846 0.13942307692307693
4 0.7932692307692307 0.5204326923076923 0.1201923076923077 0.08653846153846154
8 0.8161057692307693 0.5096153846153846 0.20673076923076922 0.1346153846153846
4 0.5733173076923077 0.23317307692307693 0.24519230769230768 0.1778846153846154
6 0.6105769230769231 0.1814903846153846 0.53125 0.3557692307692308
0 0.6502403846153846 0.1502403846153846 0.08653846153846154 0.06971153846153846
0 0.6862980769230769 0.20673076923076922 0.0673076923076923 0.0625
0 0.7235576923076923 0.24639423076923078 0.0889423076923077 0.0625
0 0.5420673076923077 0.12139423076923077 0.09134615384615384 0.08173076923076923
0 0.47596153846153844 0.18870192307692307 0.07692307692307693 0.0673076923076923
0 0.42908653846153844 0.21394230769230768 0.08413461538461539 0.0673076923076923