16 0.5300480769230769 0.7079326923076923 0.38461538461538464 0.3557692307692308
5 0.4879807692307692 0.3545673076923077 0.5889423076923077 0.17548076923076922
8 0.47836538461538464 0.2800480769230769 0.9014423076923077 0.5144230769230769
0 0.6382211538461539 0.3088942307692308 0.052884615384615384 0.04567307692307692
0 0.6454326923076923 0.35096153846153844 0.036057692307692304 0.028846153846153848
0 0.6382211538461539 0.38100961538461536 0.036057692307692304 0.02403846153846154
0 0.7776442307692307 0.3942307692307692 0.040865384615384616 0.03365384615384615
0 0.734375 0.4074519230769231 0.040865384615384616 0.02403846153846154
0 0.6899038461538461 0.4483173076923077 0.04326923076923077 0.03365384615384615
0 0.5276442307692307 0.32572115384615385 0.04326923076923077 0.038461538461538464
0 0.390625 0.35336538461538464 0.04567307692307692 0.036057692307692304
0 0.4098557692307692 0.4014423076923077 0.052884615384615384 0.026442307692307692
0 0.3737980769230769 0.3088942307692308 0.03125 0.03125
0 0.3401442307692308 0.34975961538461536 0.036057692307692304 0.036057692307692304
0 0.2283653846153846 0.3918269230769231 0.026442307692307692 0.019230769230769232
0 0.20793269230769232 0.3581730769230769 0.026442307692307692 0.021634615384615384