14 0.17668269230769232 0.6610576923076923 0.03365384615384615 0.03365384615384615
14 0.15865384615384615 0.2848557692307692 0.04807692307692308 0.04326923076923077
14 0.4951923076923077 0.2620192307692308 0.04807692307692308 0.04326923076923077
14 0.5192307692307693 0.6430288461538461 0.036057692307692304 0.03365384615384615
14 0.8449519230769231 0.23557692307692307 0.04326923076923077 0.04326923076923077
14 0.8725961538461539 0.6021634615384616 0.026442307692307692 0.04807692307692308
15 0.8834134615384616 0.9182692307692307 0.05048076923076923 0.0673076923076923
14 0.5420673076923077 0.96875 0.06490384615384616 0.03365384615384615
15 0.19951923076923078 0.9603365384615384 0.03365384615384615 0.07932692307692307
6 0.17548076923076922 0.5348557692307693 0.34615384615384615 0.1971153846153846
6 0.1875 0.8185096153846154 0.20192307692307693 0.16826923076923078
7 0.5216346153846154 0.8317307692307693 0.4423076923076923 0.22115384615384615
6 0.8677884615384616 0.7884615384615384 0.2644230769230769 0.18269230769230768
6 0.8533653846153846 0.47716346153846156 0.25721153846153844 0.20673076923076922
6 0.4735576923076923 0.12860576923076922 0.36538461538461536 0.24278846153846154
6 0.13942307692307693 0.14182692307692307 0.25240384615384615 0.21634615384615385
8 0.5096153846153846 0.47836538461538464 0.27884615384615385 0.3125
8 0.8257211538461539 0.11298076923076923 0.25721153846153844 0.22596153846153846
10 0.49759615384615385 0.29447115384615385 0.11057692307692307 0.052884615384615384
10 0.8461538461538461 0.2644230769230769 0.09375 0.05048076923076923
10 0.875 0.640625 0.07451923076923077 0.04326923076923077
10 0.5240384615384616 0.6646634615384616 0.0889423076923077 0.04326923076923077
10 0.1814903846153846 0.6850961538461539 0.0985576923076923 0.04807692307692308
10 0.1658653846153846 0.3161057692307692 0.0985576923076923 0.057692307692307696