1 0.08653846153846154 0.24519230769230768 0.15384615384615385 0.11298076923076923
1 0.21754807692307693 0.2403846153846154 0.13221153846153846 0.125
1 0.2800480769230769 0.27884615384615385 0.040865384615384616 0.040865384615384616
1 0.3245192307692308 0.2692307692307692 0.052884615384615384 0.05048076923076923
1 0.35697115384615385 0.40865384615384615 0.05048076923076923 0.055288461538461536
1 0.4098557692307692 0.3954326923076923 0.04567307692307692 0.04567307692307692
1 0.45072115384615385 0.38822115384615385 0.04326923076923077 0.04567307692307692
1 0.09014423076923077 0.33653846153846156 0.0625 0.0625
1 0.02283653846153846 0.35096153846153844 0.04567307692307692 0.057692307692307696
2 0.17067307692307693 0.5012019230769231 0.34134615384615385 0.25721153846153844
6 0.265625 0.35336538461538464 0.53125 0.5384615384615384
15 0.14543269230769232 0.8088942307692307 0.24759615384615385 0.34615384615384615