16 0.5384615384615384 0.5240384615384616 0.2956730769230769 0.22355769230769232
12 0.5228365384615384 0.7776442307692307 0.9543269230769231 0.44471153846153844
0 0.22956730769230768 0.39663461538461536 0.0625 0.057692307692307696
0 0.7596153846153846 0.30528846153846156 0.12259615384615384 0.09375
0 0.36778846153846156 0.2824519230769231 0.055288461538461536 0.07451923076923077
0 0.15504807692307693 0.23076923076923078 0.07211538461538461 0.07211538461538461
0 0.49158653846153844 0.06971153846153846 0.07932692307692307 0.0673076923076923
0 0.47115384615384615 0.16706730769230768 0.06490384615384616 0.05048076923076923
0 0.7199519230769231 0.07091346153846154 0.06971153846153846 0.052884615384615384
6 0.47836538461538464 0.24879807692307693 0.8846153846153846 0.49759615384615385
5 0.49759615384615385 0.23076923076923078 0.7692307692307693 0.46153846153846156