16 0.4266826923076923 0.6057692307692307 0.24278846153846154 0.28125
9 0.5072115384615384 0.47115384615384615 0.07932692307692307 0.0985576923076923
13 0.41346153846153844 0.8353365384615384 0.3870192307692308 0.16346153846153846
6 0.5336538461538461 0.22596153846153846 0.9326923076923077 0.4519230769230769
0 0.28365384615384615 0.14903846153846154 0.0625 0.055288461538461536
0 0.4723557692307692 0.2668269230769231 0.055288461538461536 0.05048076923076923
0 0.7259615384615384 0.2920673076923077 0.055288461538461536 0.05048076923076923
0 0.8365384615384616 0.25721153846153844 0.06490384615384616 0.04567307692307692
0 0.7680288461538461 0.14783653846153846 0.06971153846153846 0.052884615384615384
0 0.625 0.15865384615384615 0.057692307692307696 0.04567307692307692
0 0.43509615384615385 0.08774038461538461 0.06971153846153846 0.052884615384615384