14 0.5432692307692307 0.49158653846153844 0.3269230769230769 0.2860576923076923
13 0.5396634615384616 0.7788461538461539 0.6346153846153846 0.2692307692307692
0 0.33413461538461536 0.2824519230769231 0.036057692307692304 0.04326923076923077
0 0.5492788461538461 0.23076923076923078 0.03125 0.040865384615384616
0 0.6526442307692307 0.2127403846153846 0.02403846153846154 0.036057692307692304
0 0.7824519230769231 0.1875 0.03365384615384615 0.026442307692307692
0 0.7512019230769231 0.0985576923076923 0.03125 0.038461538461538464
0 0.6598557692307693 0.140625 0.03365384615384615 0.028846153846153848
0 0.5973557692307693 0.07932692307692307 0.028846153846153848 0.03365384615384615
0 0.53125 0.14182692307692307 0.028846153846153848 0.028846153846153848
0 0.4651442307692308 0.08533653846153846 0.03125 0.03365384615384615
0 0.42788461538461536 0.18509615384615385 0.03125 0.036057692307692304
0 0.34975961538461536 0.09615384615384616 0.03125 0.03365384615384615
0 0.32091346153846156 0.18269230769230768 0.03125 0.04326923076923077
6 0.5240384615384616 0.18990384615384615 0.7644230769230769 0.3798076923076923