16 0.5228365384615384 0.7091346153846154 0.39663461538461536 0.36778846153846156
5 0.49278846153846156 0.3545673076923077 0.59375 0.1971153846153846
8 0.48677884615384615 0.27884615384615385 0.9158653846153846 0.5456730769230769
0 0.6442307692307693 0.3137019230769231 0.055288461538461536 0.04807692307692308
0 0.6502403846153846 0.3557692307692308 0.036057692307692304 0.03125
0 0.6418269230769231 0.3858173076923077 0.036057692307692304 0.026442307692307692
0 0.78125 0.40384615384615385 0.040865384615384616 0.036057692307692304
0 0.7379807692307693 0.41586538461538464 0.040865384615384616 0.026442307692307692
0 0.6911057692307693 0.4543269230769231 0.04326923076923077 0.03365384615384615
0 0.5336538461538461 0.3269230769230769 0.04326923076923077 0.038461538461538464
0 0.3954326923076923 0.34975961538461536 0.04807692307692308 0.036057692307692304
0 0.41346153846153844 0.39783653846153844 0.055288461538461536 0.028846153846153848
0 0.3798076923076923 0.30528846153846156 0.03365384615384615 0.03125
0 0.34615384615384615 0.34375 0.038461538461538464 0.036057692307692304
0 0.23197115384615385 0.38221153846153844 0.026442307692307692 0.021634615384615384
0 0.2127403846153846 0.3473557692307692 0.026442307692307692 0.021634615384615384