15 0.47115384615384615 0.49759615384615385 0.25 0.3293269230769231
9 0.41346153846153844 0.5913461538461539 0.040865384615384616 0.0673076923076923
9 0.5300480769230769 0.49399038461538464 0.05048076923076923 0.07932692307692307
9 0.36899038461538464 0.3798076923076923 0.04567307692307692 0.07692307692307693
0 0.6021634615384616 0.2692307692307692 0.03365384615384615 0.038461538461538464
0 0.5817307692307693 0.10216346153846154 0.040865384615384616 0.040865384615384616
0 0.43028846153846156 0.11057692307692307 0.04807692307692308 0.05048076923076923
0 0.3161057692307692 0.09375 0.040865384615384616 0.040865384615384616
0 0.19471153846153846 0.24519230769230768 0.05048076923076923 0.04567307692307692
2 0.43149038461538464 0.23197115384615385 0.3870192307692308 0.25240384615384615
13 0.5444711538461539 0.7824519230769231 0.5673076923076923 0.36778846153846156
6 0.4266826923076923 0.25240384615384615 0.7620192307692307 0.5048076923076923