0 0.30649038461538464 0.5180288461538461 0.0985576923076923 0.08413461538461539
0 0.15745192307692307 0.40865384615384615 0.08653846153846154 0.08173076923076923
0 0.25841346153846156 0.2644230769230769 0.04807692307692308 0.052884615384615384
0 0.38100961538461536 0.12860576923076922 0.10096153846153846 0.09375
0 0.6394230769230769 0.12860576923076922 0.08653846153846154 0.08173076923076923
0 0.7127403846153846 0.2848557692307692 0.07932692307692307 0.07211538461538461
0 0.7956730769230769 0.43028846153846156 0.09134615384615384 0.07932692307692307
16 0.6298076923076923 0.734375 0.31009615384615385 0.31490384615384615
10 0.6610576923076923 0.9206730769230769 0.42788461538461536 0.15865384615384615
4 0.484375 0.2956730769230769 0.5745192307692307 0.5480769230769231
6 0.5 0.359375 1 0.71875