16 0.43028846153846156 0.9278846153846154 0.04567307692307692 0.0673076923076923
10 0.4182692307692308 0.9663461538461539 0.08173076923076923 0.055288461538461536
15 0.05048076923076923 0.8329326923076923 0.05048076923076923 0.055288461538461536
10 0.051682692307692304 0.8677884615384616 0.08173076923076923 0.06971153846153846
16 0.1875 0.5348557692307693 0.06490384615384616 0.07932692307692307
10 0.18269230769230768 0.5829326923076923 0.10096153846153846 0.07692307692307693
16 0.890625 0.3629807692307692 0.07451923076923077 0.11778846153846154
10 0.8810096153846154 0.43509615384615385 0.09375 0.08173076923076923
6 0.4567307692307692 0.8112980769230769 0.2644230769230769 0.21153846153846154
6 0.15745192307692307 0.7199519230769231 0.31490384615384615 0.18028846153846154
10 0.5168269230769231 0.6610576923076923 0.0889423076923077 0.06009615384615385
10 0.8221153846153846 0.7367788461538461 0.08173076923076923 0.055288461538461536
10 0.5721153846153846 0.35096153846153844 0.06490384615384616 0.055288461538461536
10 0.25240384615384615 0.27403846153846156 0.09615384615384616 0.055288461538461536
16 0.5793269230769231 0.32211538461538464 0.03125 0.052884615384615384
16 0.8293269230769231 0.7163461538461539 0.03365384615384615 0.040865384615384616
15 0.75 0.9891826923076923 0.057692307692307696 0.021634615384615384