16 0.5300480769230769 0.7403846153846154 0.36778846153846156 0.27163461538461536
11 0.5721153846153846 0.9014423076923077 0.5721153846153846 0.1971153846153846
0 0.16826923076923078 0.5360576923076923 0.08413461538461539 0.06971153846153846
0 0.17668269230769232 0.3701923076923077 0.08413461538461539 0.07451923076923077
0 0.375 0.3485576923076923 0.0673076923076923 0.05048076923076923
0 0.7043269230769231 0.29927884615384615 0.06490384615384616 0.057692307692307696
0 0.5745192307692307 0.24639423076923078 0.06009615384615385 0.057692307692307696
0 0.7211538461538461 0.171875 0.06971153846153846 0.06009615384615385
0 0.27163461538461536 0.25721153846153844 0.07692307692307693 0.04807692307692308
0 0.47115384615384615 0.12860576923076922 0.0673076923076923 0.055288461538461536
6 0.4951923076923077 0.3798076923076923 0.9903846153846154 0.7596153846153846