16 0.5120192307692307 0.5865384615384616 0.3317307692307692 0.23317307692307693
11 0.5048076923076923 0.8341346153846154 0.8629807692307693 0.2956730769230769
6 0.4963942307692308 0.2692307692307692 0.90625 0.5384615384615384
0 0.24158653846153846 0.2620192307692308 0.0673076923076923 0.06490384615384616
0 0.2512019230769231 0.3798076923076923 0.08173076923076923 0.06971153846153846
0 0.40865384615384615 0.2668269230769231 0.08413461538461539 0.06490384615384616
0 0.6262019230769231 0.25721153846153844 0.07692307692307693 0.07692307692307693
0 0.7788461538461539 0.3317307692307692 0.07451923076923077 0.0625
0 0.7584134615384616 0.17908653846153846 0.09134615384615384 0.07451923076923077
0 0.5757211538461539 0.1502403846153846 0.08173076923076923 0.057692307692307696
0 0.42788461538461536 0.15384615384615385 0.08413461538461539 0.0625
0 0.2824519230769231 0.16826923076923078 0.07932692307692307 0.055288461538461536