16 0.4699519230769231 0.5877403846153846 0.375 0.3485576923076923
13 0.44591346153846156 0.8461538461538461 0.46634615384615385 0.2644230769230769
4 0.5721153846153846 0.25841346153846156 0.6274038461538461 0.3701923076923077
6 0.5516826923076923 0.2620192307692308 0.8918269230769231 0.5240384615384616
0 0.6237980769230769 0.23677884615384615 0.052884615384615384 0.040865384615384616
0 0.7043269230769231 0.20552884615384615 0.040865384615384616 0.038461538461538464
0 0.8509615384615384 0.2620192307692308 0.052884615384615384 0.040865384615384616
0 0.7956730769230769 0.4230769230769231 0.04807692307692308 0.036057692307692304
0 0.21875 0.21514423076923078 0.052884615384615384 0.040865384615384616
0 0.4074519230769231 0.203125 0.052884615384615384 0.04567307692307692
0 0.41225961538461536 0.1346153846153846 0.06009615384615385 0.040865384615384616
0 0.5552884615384616 0.11057692307692307 0.055288461538461536 0.03365384615384615
0 0.29927884615384615 0.12139423076923077 0.05048076923076923 0.03365384615384615
9 0.4651442307692308 0.5853365384615384 0.0889423076923077 0.08653846153846154