15 0.4735576923076923 0.4879807692307692 0.23557692307692307 0.32211538461538464
9 0.38822115384615385 0.5588942307692307 0.038461538461538464 0.0673076923076923
9 0.5300480769230769 0.5036057692307693 0.04807692307692308 0.07692307692307693
9 0.41466346153846156 0.34375 0.040865384615384616 0.07451923076923077
0 0.671875 0.31490384615384615 0.03125 0.038461538461538464
0 0.7067307692307693 0.1502403846153846 0.038461538461538464 0.038461538461538464
0 0.5612980769230769 0.109375 0.04567307692307692 0.05048076923076923
0 0.4579326923076923 0.056490384615384616 0.038461538461538464 0.038461538461538464
0 0.29447115384615385 0.15865384615384615 0.04807692307692308 0.04326923076923077
2 0.5228365384615384 0.22355769230769232 0.3798076923076923 0.23557692307692307
13 0.4495192307692308 0.78125 0.5576923076923077 0.34134615384615385
6 0.5192307692307693 0.23918269230769232 0.7451923076923077 0.47836538461538464