14 0.5 0.7415865384615384 0.5456730769230769 0.37259615384615385
5 0.5396634615384616 0.2848557692307692 0.9206730769230769 0.5697115384615384
6 0.5060096153846154 0.3449519230769231 0.9879807692307693 0.6899038461538461
0 0.24278846153846154 0.43509615384615385 0.13942307692307693 0.12740384615384615
0 0.23317307692307693 0.20072115384615385 0.125 0.11298076923076923
0 0.5108173076923077 0.12259615384615384 0.1201923076923077 0.10096153846153846
0 0.6887019230769231 0.16466346153846154 0.0985576923076923 0.08413461538461539
0 0.8521634615384616 0.265625 0.09375 0.08413461538461539
0 0.8701923076923077 0.38822115384615385 0.10336538461538461 0.08653846153846154
0 0.7776442307692307 0.5288461538461539 0.11538461538461539 0.09615384615384616
0 0.38341346153846156 0.9182692307692307 0.08653846153846154 0.07211538461538461
0 0.03125 0.8485576923076923 0.0625 0.07692307692307693
0 0.8161057692307693 0.9711538461538461 0.0985576923076923 0.057692307692307696