16 0.5180288461538461 0.5336538461538461 0.057692307692307696 0.10817307692307693
11 0.5733173076923077 0.7451923076923077 0.32211538461538464 0.36778846153846156
6 0.4567307692307692 0.2980769230769231 0.4495192307692308 0.5264423076923077
0 0.36899038461538464 0.4206730769230769 0.04567307692307692 0.07211538461538461
0 0.4230769230769231 0.4375 0.04326923076923077 0.06971153846153846
0 0.5612980769230769 0.38341346153846156 0.040865384615384616 0.06009615384615385
0 0.5925480769230769 0.30649038461538464 0.038461538461538464 0.06009615384615385
0 0.5408653846153846 0.2620192307692308 0.04567307692307692 0.07211538461538461
0 0.5216346153846154 0.31490384615384615 0.04326923076923077 0.06971153846153846
0 0.46875 0.3137019230769231 0.04567307692307692 0.07932692307692307
0 0.49158653846153844 0.21153846153846154 0.040865384615384616 0.0625
0 0.4423076923076923 0.1875 0.036057692307692304 0.07211538461538461
0 0.3737980769230769 0.23677884615384615 0.040865384615384616 0.0625
0 0.40625 0.29927884615384615 0.04326923076923077 0.06971153846153846
0 0.3449519230769231 0.30649038461538464 0.04567307692307692 0.07211538461538461