16 0.5420673076923077 0.44350961538461536 0.30288461538461536 0.2956730769230769
16 0.2776442307692308 0.5649038461538461 0.17067307692307693 0.1658653846153846
16 0.8064903846153846 0.5120192307692307 0.11778846153846154 0.0985576923076923
12 0.30408653846153844 0.6899038461538461 0.18990384615384615 0.125
12 0.5769230769230769 0.6586538461538461 0.30528846153846156 0.1875
12 0.8305288461538461 0.5997596153846154 0.18028846153846154 0.11298076923076923
4 0.23076923076923078 0.43149038461538464 0.22355769230769232 0.13701923076923078
4 0.7872596153846154 0.4338942307692308 0.11778846153846154 0.08653846153846154
8 0.8052884615384616 0.4170673076923077 0.20673076923076922 0.12980769230769232
4 0.49158653846153844 0.22355769230769232 0.24278846153846154 0.17307692307692307
6 0.5120192307692307 0.16826923076923078 0.5288461538461539 0.33653846153846156
0 0.5420673076923077 0.12139423076923077 0.08653846153846154 0.06971153846153846
0 0.5925480769230769 0.1658653846153846 0.06490384615384616 0.06009615384615385
0 0.6394230769230769 0.19110576923076922 0.0889423076923077 0.06009615384615385
0 0.42908653846153844 0.125 0.0889423076923077 0.08173076923076923
0 0.3858173076923077 0.2091346153846154 0.07692307692307693 0.0673076923076923
0 0.3473557692307692 0.24759615384615385 0.08173076923076923 0.06490384615384616