14 0.49399038461538464 0.5540865384615384 0.36538461538461536 0.2860576923076923
10 0.39783653846153844 0.7608173076923077 0.6826923076923077 0.3605769230769231
0 0.25 0.18509615384615385 0.1346153846153846 0.0985576923076923
0 0.1814903846153846 0.015625 0.11778846153846154 0.03125
0 0.4098557692307692 0.03245192307692308 0.0985576923076923 0.06490384615384616
0 0.5997596153846154 0.21514423076923078 0.1346153846153846 0.10096153846153846
0 0.7920673076923077 0.09134615384615384 0.10817307692307693 0.07692307692307693
0 0.9651442307692307 0.1935096153846154 0.06971153846153846 0.08413461538461539
0 0.8810096153846154 0.41225961538461536 0.10576923076923077 0.09615384615384616
0 0.9855769230769231 0.40865384615384615 0.028846153846153848 0.052884615384615384
5 0.5576923076923077 0.22956730769230768 0.8846153846153846 0.45913461538461536
6 0.515625 0.2860576923076923 0.96875 0.5721153846153846