16 0.4963942307692308 0.4855769230769231 0.3269230769230769 0.22355769230769232
13 0.49399038461538464 0.6165865384615384 0.6129807692307693 0.20673076923076922
6 0.5120192307692307 0.25721153846153844 0.8629807692307693 0.4519230769230769
4 0.5084134615384616 0.28725961538461536 0.4495192307692308 0.24278846153846154
0 0.4807692307692308 0.28125 0.07451923076923077 0.04567307692307692
0 0.7716346153846154 0.3605769230769231 0.0625 0.03365384615384615
0 0.7692307692307693 0.28365384615384615 0.07211538461538461 0.05048076923076923
0 0.7319711538461539 0.15264423076923078 0.06971153846153846 0.040865384615384616
0 0.5865384615384616 0.17307692307692307 0.07211538461538461 0.04807692307692308
0 0.45552884615384615 0.12379807692307693 0.08173076923076923 0.05048076923076923
0 0.31971153846153844 0.17307692307692307 0.08173076923076923 0.052884615384615384
0 0.25 0.22115384615384615 0.0625 0.040865384615384616
0 0.30649038461538464 0.28966346153846156 0.07932692307692307 0.04807692307692308
0 0.2692307692307692 0.3701923076923077 0.07692307692307693 0.057692307692307696