16 0.42788461538461536 0.6682692307692307 0.25240384615384615 0.28846153846153844
9 0.5072115384615384 0.7319711538461539 0.0625 0.0625
5 0.49158653846153844 0.30288461538461536 0.7524038461538461 0.2668269230769231
1 0.7319711538461539 0.30408653846153844 0.08653846153846154 0.04326923076923077
1 0.7367788461538461 0.15264423076923078 0.0889423076923077 0.04567307692307692
6 0.5072115384615384 0.28125 0.9134615384615384 0.5480769230769231
0 0.3016826923076923 0.24639423076923078 0.057692307692307696 0.04326923076923077
0 0.23677884615384615 0.375 0.038461538461538464 0.038461538461538464
0 0.16826923076923078 0.28725961538461536 0.05048076923076923 0.038461538461538464
0 0.21875 0.1622596153846154 0.052884615384615384 0.038461538461538464
0 0.46274038461538464 0.18028846153846154 0.04567307692307692 0.036057692307692304
0 0.6129807692307693 0.21634615384615385 0.03365384615384615 0.036057692307692304
0 0.625 0.28846153846153844 0.04807692307692308 0.040865384615384616
0 0.6358173076923077 0.42788461538461536 0.040865384615384616 0.036057692307692304
0 0.7439903846153846 0.375 0.04567307692307692 0.036057692307692304
0 0.8545673076923077 0.23317307692307693 0.05048076923076923 0.03365384615384615
0 0.7704326923076923 0.41947115384615385 0.052884615384615384 0.04326923076923077