16 0.4831730769230769 0.5913461538461539 0.34134615384615385 0.31009615384615385
13 0.4951923076923077 0.8497596153846154 0.4519230769230769 0.20673076923076922
4 0.5384615384615384 0.2512019230769231 0.6033653846153846 0.2932692307692308
6 0.515625 0.23918269230769232 0.8533653846153846 0.4543269230769231
0 0.5853365384615384 0.22115384615384615 0.04807692307692308 0.036057692307692304
0 0.6610576923076923 0.18028846153846154 0.038461538461538464 0.036057692307692304
0 0.8149038461538461 0.21634615384615385 0.04807692307692308 0.036057692307692304
0 0.78125 0.38221153846153844 0.04567307692307692 0.028846153846153848
0 0.1814903846153846 0.25721153846153844 0.04807692307692308 0.036057692307692304
0 0.36658653846153844 0.21875 0.04807692307692308 0.038461538461538464
0 0.36177884615384615 0.1502403846153846 0.055288461538461536 0.03365384615384615
0 0.5012019230769231 0.10576923076923077 0.052884615384615384 0.026442307692307692
0 0.24879807692307693 0.15384615384615385 0.04807692307692308 0.028846153846153848
9 0.47716346153846156 0.5901442307692307 0.07932692307692307 0.07932692307692307