16 0.40024038461538464 0.6358173076923077 0.09375 0.2283653846153846
10 0.40625 0.8016826923076923 0.23557692307692307 0.10336538461538461
6 0.39302884615384615 0.3713942307692308 0.5072115384615384 0.27884615384615385
5 0.41225961538461536 0.41947115384615385 0.19471153846153846 0.1201923076923077
0 0.5024038461538461 0.3918269230769231 0.052884615384615384 0.03365384615384615
0 0.578125 0.4074519230769231 0.055288461538461536 0.03125
0 0.5841346153846154 0.4519230769230769 0.040865384615384616 0.03125
0 0.5192307692307693 0.46274038461538464 0.0673076923076923 0.038461538461538464
0 0.5576923076923077 0.3557692307692308 0.06009615384615385 0.038461538461538464
0 0.5564903846153846 0.3173076923076923 0.055288461538461536 0.036057692307692304
0 0.4411057692307692 0.35216346153846156 0.06009615384615385 0.040865384615384616
0 0.3942307692307692 0.32572115384615385 0.052884615384615384 0.028846153846153848
0 0.3894230769230769 0.2860576923076923 0.07451923076923077 0.04567307692307692
0 0.2980769230769231 0.31009615384615385 0.0673076923076923 0.05048076923076923
0 0.25600961538461536 0.3701923076923077 0.055288461538461536 0.040865384615384616
0 0.29086538461538464 0.41346153846153844 0.03365384615384615 0.028846153846153848
0 0.32091346153846156 0.4699519230769231 0.055288461538461536 0.038461538461538464
0 0.23076923076923078 0.43990384615384615 0.07451923076923077 0.052884615384615384
0 0.1875 0.39302884615384615 0.0625 0.05048076923076923
9 0.4182692307692308 0.6081730769230769 0.04807692307692308 0.07211538461538461