16 0.49399038461538464 0.5480769230769231 0.11778846153846154 0.0985576923076923
11 0.46634615384615385 0.7800480769230769 0.7019230769230769 0.43990384615384615
5 0.5432692307692307 0.31490384615384615 0.6153846153846154 0.3269230769230769
6 0.5012019230769231 0.30408653846153844 0.9975961538461539 0.6081730769230769
0 0.1814903846153846 0.37259615384615385 0.11298076923076923 0.08173076923076923
0 0.7536057692307693 0.42788461538461536 0.10336538461538461 0.0889423076923077
0 0.7608173076923077 0.23317307692307693 0.11538461538461539 0.09134615384615384
0 0.5637019230769231 0.2536057692307692 0.11057692307692307 0.07932692307692307
0 0.6286057692307693 0.13341346153846154 0.11538461538461539 0.09375
0 0.3894230769230769 0.18269230769230768 0.12259615384615384 0.09134615384615384
0 0.2127403846153846 0.15384615384615385 0.11298076923076923 0.0889423076923077