16 0.4543269230769231 0.484375 0.18509615384615385 0.14903846153846154
13 0.47475961538461536 0.6237980769230769 0.2668269230769231 0.12980769230769232
4 0.43990384615384615 0.32091346153846156 0.20432692307692307 0.10576923076923077
6 0.4423076923076923 0.26322115384615385 0.49038461538461536 0.3269230769230769
0 0.3076923076923077 0.3389423076923077 0.07451923076923077 0.055288461538461536
0 0.36177884615384615 0.2800480769230769 0.040865384615384616 0.036057692307692304
0 0.4014423076923077 0.1935096153846154 0.05048076923076923 0.028846153846153848
0 0.5360576923076923 0.17548076923076922 0.04807692307692308 0.040865384615384616
0 0.4807692307692308 0.24879807692307693 0.055288461538461536 0.04326923076923077
0 0.5709134615384616 0.2980769230769231 0.04326923076923077 0.03125
0 0.4651442307692308 0.35096153846153844 0.04807692307692308 0.03365384615384615
0 0.5661057692307693 0.5901442307692307 0.036057692307692304 0.028846153846153848
0 0.3088942307692308 0.6177884615384616 0.04567307692307692 0.03125