16 0.5024038461538461 0.5384615384615384 0.052884615384615384 0.10817307692307693
11 0.46274038461538464 0.7536057692307693 0.3076923076923077 0.3581730769230769
6 0.546875 0.2980769230769231 0.43028846153846156 0.5120192307692307
0 0.41466346153846156 0.37259615384615385 0.04326923076923077 0.06971153846153846
0 0.4567307692307692 0.4110576923076923 0.040865384615384616 0.06971153846153846
0 0.6045673076923077 0.41947115384615385 0.038461538461538464 0.057692307692307696
0 0.6658653846153846 0.3629807692307692 0.036057692307692304 0.06009615384615385
0 0.6382211538461539 0.3016826923076923 0.04326923076923077 0.06971153846153846
0 0.5985576923076923 0.34134615384615385 0.040865384615384616 0.06971153846153846
0 0.5504807692307693 0.3173076923076923 0.040865384615384616 0.07932692307692307
0 0.6141826923076923 0.234375 0.038461538461538464 0.06009615384615385
0 0.5793269230769231 0.19230769230769232 0.03365384615384615 0.07211538461538461
0 0.4963942307692308 0.20793269230769232 0.038461538461538464 0.06009615384615385
0 0.5 0.27884615384615385 0.040865384615384616 0.06971153846153846
0 0.4411057692307692 0.25961538461538464 0.04326923076923077 0.06971153846153846