14 0.17908653846153846 0.6670673076923077 0.03365384615384615 0.036057692307692304
14 0.15504807692307693 0.29086538461538464 0.04807692307692308 0.04326923076923077
14 0.49158653846153844 0.2620192307692308 0.04807692307692308 0.04326923076923077
14 0.5216346153846154 0.6430288461538461 0.036057692307692304 0.03365384615384615
14 0.8413461538461539 0.22956730769230768 0.04326923076923077 0.04326923076923077
14 0.8737980769230769 0.5949519230769231 0.028846153846153848 0.04807692307692308
15 0.890625 0.9110576923076923 0.05048076923076923 0.0673076923076923
14 0.5504807692307693 0.96875 0.06490384615384616 0.03365384615384615
15 0.20793269230769232 0.9627403846153846 0.036057692307692304 0.07451923076923077
6 0.17668269230769232 0.5408653846153846 0.3485576923076923 0.20192307692307693
6 0.19230769230769232 0.8233173076923077 0.20432692307692307 0.17307692307692307
7 0.5276442307692307 0.8317307692307693 0.44471153846153844 0.2283653846153846
6 0.8701923076923077 0.78125 0.25961538461538464 0.1875
6 0.8533653846153846 0.47115384615384615 0.25961538461538464 0.21153846153846154
6 0.4675480769230769 0.12860576923076922 0.36778846153846156 0.25
6 0.13341346153846154 0.14783653846153846 0.2548076923076923 0.21875
8 0.5084134615384616 0.47836538461538464 0.28365384615384615 0.3173076923076923
8 0.8185096153846154 0.11177884615384616 0.2620192307692308 0.22355769230769232
10 0.49399038461538464 0.29447115384615385 0.11057692307692307 0.055288461538461536
10 0.8425480769230769 0.25841346153846156 0.09375 0.052884615384615384
10 0.8774038461538461 0.6334134615384616 0.07451923076923077 0.04326923076923077
10 0.5264423076923077 0.6646634615384616 0.0889423076923077 0.04567307692307692
10 0.18509615384615385 0.6899038461538461 0.0985576923076923 0.05048076923076923
10 0.1622596153846154 0.32211538461538464 0.10096153846153846 0.06009615384615385