16 0.5408653846153846 0.6754807692307693 0.39903846153846156 0.375
11 0.6129807692307693 0.9182692307692307 0.6875 0.16346153846153846
0 0.47596153846153844 0.3449519230769231 0.06009615384615385 0.04807692307692308
0 0.6430288461538461 0.31850961538461536 0.05048076923076923 0.04567307692307692
0 0.6911057692307693 0.43149038461538464 0.08413461538461539 0.05048076923076923
0 0.8305288461538461 0.4675480769230769 0.055288461538461536 0.04326923076923077
0 0.8305288461538461 0.37259615384615385 0.07451923076923077 0.055288461538461536
0 0.7536057692307693 0.28365384615384615 0.055288461538461536 0.057692307692307696
0 0.7752403846153846 0.2247596153846154 0.055288461538461536 0.040865384615384616
0 0.29086538461538464 0.4026442307692308 0.06009615384615385 0.04807692307692308
0 0.2127403846153846 0.38822115384615385 0.04567307692307692 0.040865384615384616
0 0.15384615384615385 0.3125 0.06490384615384616 0.05048076923076923
0 0.2764423076923077 0.2644230769230769 0.052884615384615384 0.04807692307692308
0 0.4254807692307692 0.25841346153846156 0.038461538461538464 0.036057692307692304
0 0.5408653846153846 0.18509615384615385 0.07692307692307693 0.04567307692307692
0 0.6454326923076923 0.16466346153846154 0.06490384615384616 0.05048076923076923
0 0.7259615384615384 0.13221153846153846 0.07211538461538461 0.05048076923076923
0 0.5721153846153846 0.09014423076923077 0.055288461538461536 0.04326923076923077
0 0.4675480769230769 0.11538461538461539 0.05048076923076923 0.038461538461538464
0 0.38461538461538464 0.18028846153846154 0.0673076923076923 0.04326923076923077
0 0.22596153846153846 0.1875 0.05048076923076923 0.040865384615384616
0 0.15144230769230768 0.21995192307692307 0.04326923076923077 0.04807692307692308
0 0.3125 0.11057692307692307 0.040865384615384616 0.04807692307692308
0 0.42427884615384615 0.055288461538461536 0.0673076923076923 0.04567307692307692
0 0.5456730769230769 0.03125 0.038461538461538464 0.03125
6 0.4879807692307692 0.27884615384615385 0.9567307692307693 0.5576923076923077