16 0.5012019230769231 0.5480769230769231 0.10576923076923077 0.08413461538461539
11 0.5120192307692307 0.7920673076923077 0.6538461538461539 0.36538461538461536
5 0.5132211538461539 0.31009615384615385 0.5865384615384616 0.23798076923076922
6 0.4987980769230769 0.28725961538461536 0.9927884615384616 0.49038461538461536
0 0.1658653846153846 0.42427884615384615 0.10336538461538461 0.0673076923076923
0 0.7391826923076923 0.3894230769230769 0.09134615384615384 0.07692307692307693
0 0.7163461538461539 0.19591346153846154 0.10576923076923077 0.07451923076923077
0 0.5240384615384616 0.24639423076923078 0.10096153846153846 0.06490384615384616
0 0.5697115384615384 0.11778846153846154 0.10336538461538461 0.07692307692307693
0 0.34134615384615385 0.20432692307692307 0.11057692307692307 0.07692307692307693
0 0.1622596153846154 0.203125 0.10096153846153846 0.07451923076923077