14 0.5432692307692307 0.4963942307692308 0.32211538461538464 0.28125
13 0.5060096153846154 0.7824519230769231 0.6322115384615384 0.25961538461538464
0 0.36177884615384615 0.2644230769230769 0.036057692307692304 0.04326923076923077
0 0.5817307692307693 0.23798076923076922 0.028846153846153848 0.040865384615384616
0 0.6862980769230769 0.23317307692307693 0.02403846153846154 0.03365384615384615
0 0.8185096153846154 0.2247596153846154 0.03365384615384615 0.026442307692307692
0 0.7980769230769231 0.13221153846153846 0.03125 0.038461538461538464
0 0.703125 0.1622596153846154 0.03365384615384615 0.028846153846153848
0 0.6478365384615384 0.09375 0.028846153846153848 0.03365384615384615
0 0.5745192307692307 0.14903846153846154 0.028846153846153848 0.028846153846153848
0 0.515625 0.08413461538461539 0.03125 0.03365384615384615
0 0.46634615384615385 0.1778846153846154 0.03125 0.036057692307692304
0 0.40024038461538464 0.08052884615384616 0.03125 0.03365384615384615
0 0.36177884615384615 0.16346153846153846 0.028846153846153848 0.04326923076923077
6 0.5625 0.18870192307692307 0.7596153846153846 0.37740384615384615