14 0.4206730769230769 0.5925480769230769 0.3269230769230769 0.19951923076923078
13 0.43509615384615385 0.7836538461538461 0.5048076923076923 0.20673076923076922
1 0.8605769230769231 0.07451923076923077 0.1778846153846154 0.09615384615384616
6 0.4338942307692308 0.2764423076923077 0.8317307692307693 0.5192307692307693
5 0.4074519230769231 0.3485576923076923 0.4567307692307692 0.2283653846153846
0 0.3425480769230769 0.14182692307692307 0.040865384615384616 0.03365384615384615
0 0.3798076923076923 0.1310096153846154 0.026442307692307692 0.019230769230769232
0 0.49759615384615385 0.13221153846153846 0.04326923076923077 0.03125
0 0.5372596153846154 0.11778846153846154 0.036057692307692304 0.038461538461538464
0 0.6610576923076923 0.2091346153846154 0.038461538461538464 0.02403846153846154
0 0.6971153846153846 0.20552884615384615 0.03365384615384615 0.02403846153846154
0 0.7211538461538461 0.26802884615384615 0.036057692307692304 0.026442307692307692
0 0.7524038461538461 0.3173076923076923 0.036057692307692304 0.026442307692307692
0 0.8040865384615384 0.38461538461538464 0.04807692307692308 0.036057692307692304
0 0.17668269230769232 0.3581730769230769 0.03365384615384615 0.019230769230769232
0 0.12740384615384615 0.41225961538461536 0.03365384615384615 0.026442307692307692
0 0.14543269230769232 0.36899038461538464 0.03365384615384615 0.021634615384615384
0 0.14423076923076922 0.5 0.03125 0.03125
0 0.20673076923076922 0.16706730769230768 0.040865384615384616 0.03125
0 0.22956730769230768 0.18870192307692307 0.028846153846153848 0.026442307692307692