16 0.4987980769230769 0.59375 0.35096153846153844 0.31971153846153844
13 0.5552884615384616 0.8461538461538461 0.4567307692307692 0.22115384615384615
4 0.49399038461538464 0.24759615384615385 0.6105769230769231 0.3125
6 0.46875 0.2403846153846154 0.8653846153846154 0.4807692307692308
0 0.5360576923076923 0.21153846153846154 0.05048076923076923 0.036057692307692304
0 0.6033653846153846 0.15625 0.038461538461538464 0.036057692307692304
0 0.7608173076923077 0.1658653846153846 0.05048076923076923 0.036057692307692304
0 0.7572115384615384 0.33533653846153844 0.04567307692307692 0.03125
0 0.14423076923076922 0.3161057692307692 0.05048076923076923 0.036057692307692304
0 0.31971153846153844 0.24639423076923078 0.04807692307692308 0.040865384615384616
0 0.30288461538461536 0.18028846153846154 0.057692307692307696 0.036057692307692304
0 0.4326923076923077 0.11177884615384616 0.052884615384615384 0.028846153846153848
0 0.19230769230769232 0.20192307692307693 0.04807692307692308 0.028846153846153848
9 0.49278846153846156 0.5925480769230769 0.08173076923076923 0.08173076923076923