16 0.4963942307692308 0.6790865384615384 0.37259615384615385 0.24278846153846154
9 0.4110576923076923 0.5408653846153846 0.11057692307692307 0.17548076923076922
9 0.6057692307692307 0.6887019230769231 0.1201923076923077 0.14423076923076922
5 0.4807692307692308 0.41586538461538464 0.3076923076923077 0.1201923076923077
6 0.4855769230769231 0.3762019230769231 0.6754807692307693 0.41586538461538464
0 0.3076923076923077 0.33413461538461536 0.04807692307692308 0.04567307692307692
0 0.29447115384615385 0.4495192307692308 0.03125 0.03365384615384615
0 0.40024038461538464 0.3713942307692308 0.04567307692307692 0.03365384615384615
0 0.4879807692307692 0.2920673076923077 0.04567307692307692 0.04567307692307692
0 0.671875 0.33653846153846156 0.040865384615384616 0.03365384615384615
0 0.6622596153846154 0.453125 0.03365384615384615 0.028846153846153848