16 0.5276442307692307 0.6766826923076923 0.40625 0.30288461538461536
9 0.41947115384615385 0.5552884615384616 0.13942307692307693 0.19230769230769232
9 0.6358173076923077 0.6670673076923077 0.14182692307692307 0.16105769230769232
5 0.46634615384615385 0.41947115384615385 0.31971153846153844 0.17067307692307693
6 0.4651442307692308 0.38100961538461536 0.7283653846153846 0.5216346153846154
0 0.2824519230769231 0.3701923076923077 0.055288461538461536 0.052884615384615384
0 0.28966346153846156 0.4855769230769231 0.036057692307692304 0.038461538461538464
0 0.3798076923076923 0.390625 0.05048076923076923 0.040865384615384616
0 0.4519230769230769 0.2980769230769231 0.05048076923076923 0.052884615384615384
0 0.6418269230769231 0.3088942307692308 0.04567307692307692 0.040865384615384616
0 0.6514423076923077 0.4254807692307692 0.038461538461538464 0.03365384615384615