1 0.09975961538461539 0.2247596153846154 0.15144230769230768 0.10576923076923077
1 0.23197115384615385 0.22596153846153846 0.12740384615384615 0.1201923076923077
1 0.2920673076923077 0.26802884615384615 0.038461538461538464 0.038461538461538464
1 0.33653846153846156 0.2608173076923077 0.05048076923076923 0.04807692307692308
1 0.36177884615384615 0.4014423076923077 0.04807692307692308 0.052884615384615384
1 0.41586538461538464 0.390625 0.04567307692307692 0.04567307692307692
1 0.4567307692307692 0.3858173076923077 0.040865384615384616 0.04567307692307692
1 0.09975961538461539 0.31490384615384615 0.06009615384615385 0.06009615384615385
1 0.027644230769230768 0.32572115384615385 0.05048076923076923 0.055288461538461536
2 0.16947115384615385 0.484375 0.3389423076923077 0.24278846153846154
6 0.2644230769230769 0.3389423076923077 0.5288461538461539 0.5144230769230769
15 0.12980769230769232 0.7908653846153846 0.23076923076923078 0.33653846153846156