16 0.5132211538461539 0.9326923076923077 0.036057692307692304 0.06490384615384616
10 0.5084134615384616 0.9735576923076923 0.07451923076923077 0.04326923076923077
15 0.12259615384615384 0.9122596153846154 0.04326923076923077 0.05048076923076923
10 0.12980769230769232 0.9459134615384616 0.07451923076923077 0.057692307692307696
16 0.20072115384615385 0.59375 0.052884615384615384 0.07211538461538461
10 0.20432692307692307 0.6418269230769231 0.09134615384615384 0.06009615384615385
16 0.8569711538461539 0.29086538461538464 0.055288461538461536 0.11057692307692307
10 0.8617788461538461 0.3641826923076923 0.08413461538461539 0.0673076923076923
6 0.5168269230769231 0.8137019230769231 0.2403846153846154 0.17067307692307693
6 0.18509615384615385 0.7872596153846154 0.35096153846153844 0.11778846153846154
10 0.546875 0.6550480769230769 0.08173076923076923 0.04567307692307692
10 0.8617788461538461 0.6706730769230769 0.07692307692307693 0.04326923076923077
10 0.8341346153846154 0.9819711538461539 0.07211538461538461 0.036057692307692304
10 0.5420673076923077 0.3401442307692308 0.057692307692307696 0.04567307692307692
10 0.21394230769230768 0.3245192307692308 0.09134615384615384 0.038461538461538464
16 0.5432692307692307 0.31009615384615385 0.02403846153846154 0.05048076923076923
16 0.8641826923076923 0.6490384615384616 0.026442307692307692 0.036057692307692304
15 0.84375 0.9519230769230769 0.04807692307692308 0.052884615384615384