16 0.38822115384615385 0.7139423076923077 0.3581730769230769 0.3870192307692308
9 0.4639423076923077 0.7331730769230769 0.06490384615384616 0.0625
0 0.3389423076923077 0.22235576923076922 0.06490384615384616 0.055288461538461536
0 0.2692307692307692 0.12740384615384615 0.052884615384615384 0.04567307692307692
0 0.5072115384615384 0.171875 0.052884615384615384 0.04807692307692308
0 0.6574519230769231 0.3088942307692308 0.05048076923076923 0.04807692307692308
0 0.2548076923076923 0.3389423076923077 0.05048076923076923 0.04326923076923077
0 0.203125 0.2403846153846154 0.0625 0.06009615384615385
1 0.7824519230769231 0.19471153846153846 0.08653846153846154 0.055288461538461536
0 0.890625 0.28966346153846156 0.04807692307692308 0.04326923076923077
5 0.5132211538461539 0.30288461538461536 0.75 0.3605769230769231
6 0.5360576923076923 0.3076923076923077 0.9278846153846154 0.6153846153846154