1 0.1658653846153846 0.1466346153846154 0.15144230769230768 0.10576923076923077
1 0.29447115384615385 0.17668269230769232 0.12740384615384615 0.1201923076923077
1 0.3449519230769231 0.22956730769230768 0.038461538461538464 0.038461538461538464
1 0.390625 0.23197115384615385 0.05048076923076923 0.04807692307692308
1 0.38461538461538464 0.3737980769230769 0.04807692307692308 0.052884615384615384
1 0.4411057692307692 0.375 0.04567307692307692 0.04567307692307692
1 0.4807692307692308 0.3798076923076923 0.040865384615384616 0.04567307692307692
1 0.1466346153846154 0.23557692307692307 0.06009615384615385 0.06009615384615385
1 0.0733173076923077 0.23197115384615385 0.05048076923076923 0.055288461538461536
2 0.17548076923076922 0.41466346153846156 0.3485576923076923 0.24278846153846154
6 0.2848557692307692 0.28966346153846156 0.5649038461538461 0.5144230769230769
15 0.09615384615384616 0.7067307692307693 0.19230769230769232 0.33653846153846156