16 0.3545673076923077 0.5733173076923077 0.16105769230769232 0.11538461538461539
16 0.6646634615384616 0.5108173076923077 0.15625 0.11778846153846154
13 0.6394230769230769 0.6081730769230769 0.20432692307692307 0.125
13 0.3004807692307692 0.5997596153846154 0.2932692307692308 0.20432692307692307
9 0.7007211538461539 0.5300480769230769 0.06490384615384616 0.07692307692307693
0 0.8341346153846154 0.38100961538461536 0.0625 0.057692307692307696
0 0.7680288461538461 0.2980769230769231 0.07211538461538461 0.05048076923076923
0 0.6346153846153846 0.3161057692307692 0.07451923076923077 0.052884615384615384
0 0.4014423076923077 0.35216346153846156 0.0625 0.04567307692307692
0 0.49399038461538464 0.45552884615384615 0.06009615384615385 0.057692307692307696
0 0.32572115384615385 0.3942307692307692 0.052884615384615384 0.04567307692307692
5 0.38221153846153844 0.48677884615384615 0.1346153846153846 0.0985576923076923
5 0.6959134615384616 0.4110576923076923 0.14423076923076922 0.0985576923076923
6 0.3918269230769231 0.4074519230769231 0.41346153846153844 0.31971153846153844
6 0.7295673076923077 0.3449519230769231 0.5048076923076923 0.37740384615384615