16 0.3701923076923077 0.6081730769230769 0.13942307692307693 0.2403846153846154
10 0.33653846153846156 0.7704326923076923 0.25 0.14903846153846154
6 0.42788461538461536 0.3485576923076923 0.5504807692307693 0.37740384615384615
5 0.4338942307692308 0.4014423076923077 0.21394230769230768 0.15865384615384615
0 0.5288461538461539 0.3954326923076923 0.057692307692307696 0.04326923076923077
0 0.5973557692307693 0.42908653846153844 0.06009615384615385 0.040865384615384616
0 0.59375 0.4735576923076923 0.04567307692307692 0.038461538461538464
0 0.5288461538461539 0.46875 0.07451923076923077 0.05048076923076923
0 0.5901442307692307 0.3737980769230769 0.06490384615384616 0.05048076923076923
0 0.5997596153846154 0.33653846153846156 0.06009615384615385 0.04807692307692308
0 0.47836538461538464 0.3425480769230769 0.0673076923076923 0.052884615384615384
0 0.43990384615384615 0.30528846153846156 0.057692307692307696 0.040865384615384616
0 0.44471153846153844 0.265625 0.08173076923076923 0.057692307692307696
0 0.34975961538461536 0.2668269230769231 0.07692307692307693 0.0625
0 0.29447115384615385 0.31490384615384615 0.0625 0.05048076923076923
0 0.3173076923076923 0.36538461538461536 0.038461538461538464 0.03365384615384615
0 0.3329326923076923 0.4266826923076923 0.06009615384615385 0.04807692307692308
0 0.2536057692307692 0.3762019230769231 0.08413461538461539 0.06490384615384616
0 0.22355769230769232 0.31971153846153844 0.07211538461538461 0.0625
9 0.3942307692307692 0.5853365384615384 0.06009615384615385 0.08173076923076923