16 0.4807692307692308 0.6274038461538461 0.25721153846153844 0.29086538461538464
9 0.49278846153846156 0.47115384615384615 0.08653846153846154 0.10096153846153846
13 0.5697115384615384 0.8401442307692307 0.3870192307692308 0.1875
6 0.45913461538461536 0.24278846153846154 0.9182692307692307 0.4855769230769231
0 0.15264423076923078 0.2800480769230769 0.06490384615384616 0.057692307692307696
0 0.37259615384615385 0.30288461538461536 0.055288461538461536 0.052884615384615384
0 0.6117788461538461 0.21394230769230768 0.057692307692307696 0.052884615384615384
0 0.6959134615384616 0.1346153846153846 0.0673076923076923 0.04807692307692308
0 0.5865384615384616 0.06610576923076923 0.07211538461538461 0.055288461538461536
0 0.46274038461538464 0.13822115384615385 0.06009615384615385 0.04807692307692308
0 0.2620192307692308 0.15865384615384615 0.07211538461538461 0.057692307692307696