16 0.5384615384615384 0.6754807692307693 0.3918269230769231 0.36778846153846156
11 0.6069711538461539 0.921875 0.6875 0.15625
0 0.4795673076923077 0.34375 0.06009615384615385 0.04567307692307692
0 0.6454326923076923 0.32091346153846156 0.05048076923076923 0.04326923076923077
0 0.6923076923076923 0.43509615384615385 0.08173076923076923 0.04807692307692308
0 0.8317307692307693 0.4735576923076923 0.055288461538461536 0.040865384615384616
0 0.8329326923076923 0.3786057692307692 0.07451923076923077 0.055288461538461536
0 0.7572115384615384 0.28725961538461536 0.052884615384615384 0.057692307692307696
0 0.7800480769230769 0.22956730769230768 0.052884615384615384 0.040865384615384616
0 0.2932692307692308 0.39903846153846156 0.06009615384615385 0.04567307692307692
0 0.21394230769230768 0.38341346153846156 0.04567307692307692 0.040865384615384616
0 0.15745192307692307 0.30649038461538464 0.0625 0.04807692307692308
0 0.28125 0.2608173076923077 0.05048076923076923 0.04567307692307692
0 0.42908653846153844 0.25721153846153844 0.038461538461538464 0.036057692307692304
0 0.5456730769230769 0.18509615384615385 0.07451923076923077 0.04567307692307692
0 0.6514423076923077 0.16706730769230768 0.0625 0.05048076923076923
0 0.7331730769230769 0.13701923076923078 0.06971153846153846 0.05048076923076923
0 0.5793269230769231 0.09134615384615384 0.052884615384615384 0.04326923076923077
0 0.4735576923076923 0.1141826923076923 0.05048076923076923 0.036057692307692304
0 0.3894230769230769 0.17908653846153846 0.06490384615384616 0.040865384615384616
0 0.23076923076923078 0.18269230769230768 0.04807692307692308 0.038461538461538464
0 0.15625 0.21394230769230768 0.04326923076923077 0.04807692307692308
0 0.31850961538461536 0.10817307692307693 0.038461538461538464 0.04807692307692308
0 0.4326923076923077 0.054086538461538464 0.0673076923076923 0.04567307692307692
0 0.5540865384615384 0.03245192307692308 0.038461538461538464 0.03125
6 0.49278846153846156 0.27524038461538464 0.9471153846153846 0.5504807692307693