16 0.4170673076923077 0.7067307692307693 0.3004807692307692 0.34134615384615385
9 0.49399038461538464 0.7319711538461539 0.057692307692307696 0.052884615384615384
5 0.5024038461538461 0.30408653846153844 0.7259615384615384 0.27403846153846156
0 0.22235576923076922 0.15625 0.04807692307692308 0.05048076923076923
0 0.3112980769230769 0.24158653846153846 0.04807692307692308 0.04326923076923077
0 0.234375 0.3701923076923077 0.04567307692307692 0.04326923076923077
0 0.17427884615384615 0.2824519230769231 0.04807692307692308 0.055288461538461536
0 0.6274038461538461 0.2920673076923077 0.05048076923076923 0.040865384615384616
1 0.7439903846153846 0.15985576923076922 0.09375 0.04807692307692308
0 0.640625 0.4338942307692308 0.052884615384615384 0.04567307692307692
6 0.515625 0.28725961538461536 0.9038461538461539 0.5673076923076923