14 0.4254807692307692 0.5973557692307693 0.33413461538461536 0.21394230769230768
13 0.45072115384615385 0.7872596153846154 0.5120192307692307 0.23076923076923078
1 0.8377403846153846 0.056490384615384616 0.18028846153846154 0.10576923076923077
6 0.4254807692307692 0.2800480769230769 0.8509615384615384 0.5600961538461539
5 0.39903846153846156 0.35336538461538464 0.46875 0.25240384615384615
0 0.3233173076923077 0.15144230769230768 0.04326923076923077 0.03365384615384615
0 0.3605769230769231 0.13822115384615385 0.028846153846153848 0.019230769230769232
0 0.47836538461538464 0.13221153846153846 0.04567307692307692 0.03365384615384615
0 0.5168269230769231 0.11658653846153846 0.036057692307692304 0.040865384615384616
0 0.6454326923076923 0.20192307692307693 0.038461538461538464 0.02403846153846154
0 0.6814903846153846 0.19591346153846154 0.03365384615384615 0.026442307692307692
0 0.7091346153846154 0.25721153846153844 0.038461538461538464 0.028846153846153848
0 0.7427884615384616 0.30408653846153844 0.038461538461538464 0.028846153846153848
0 0.796875 0.36899038461538464 0.05048076923076923 0.038461538461538464
0 0.16947115384615385 0.3762019230769231 0.03365384615384615 0.021634615384615384
0 0.12379807692307693 0.43149038461538464 0.03365384615384615 0.028846153846153848
0 0.13942307692307693 0.38822115384615385 0.036057692307692304 0.02403846153846154
0 0.14423076923076922 0.5192307692307693 0.03365384615384615 0.03365384615384615
0 0.18990384615384615 0.18269230769230768 0.040865384615384616 0.03125
0 0.21394230769230768 0.203125 0.03125 0.028846153846153848