14 0.46274038461538464 0.7512019230769231 0.09375 0.17307692307692307
10 0.4423076923076923 0.8882211538461539 0.13942307692307693 0.07451923076923077
6 0.5216346153846154 0.36778846153846156 0.625 0.6634615384615384
0 0.3870192307692308 0.5108173076923077 0.04807692307692308 0.06971153846153846
0 0.5925480769230769 0.5697115384615384 0.038461538461538464 0.05048076923076923
0 0.6466346153846154 0.5024038461538461 0.057692307692307696 0.07451923076923077
0 0.7007211538461539 0.5612980769230769 0.038461538461538464 0.04807692307692308
0 0.7103365384615384 0.3954326923076923 0.03125 0.052884615384615384
0 0.7572115384615384 0.4375 0.036057692307692304 0.05048076923076923
0 0.6550480769230769 0.3269230769230769 0.05048076923076923 0.0625
0 0.6935096153846154 0.23798076923076922 0.03125 0.040865384615384616
0 0.6141826923076923 0.19471153846153846 0.05048076923076923 0.057692307692307696
0 0.5252403846153846 0.23677884615384615 0.057692307692307696 0.0673076923076923
0 0.453125 0.15384615384615385 0.040865384615384616 0.04567307692307692
0 0.41346153846153844 0.234375 0.040865384615384616 0.04567307692307692
0 0.3629807692307692 0.296875 0.06009615384615385 0.07451923076923077
0 0.34375 0.20673076923076922 0.03365384615384615 0.04326923076923077
0 0.3449519230769231 0.3918269230769231 0.038461538461538464 0.05048076923076923
0 0.2776442307692308 0.4230769230769231 0.04326923076923077 0.06490384615384616