0 0.3088942307692308 0.4639423076923077 0.08653846153846154 0.0673076923076923
0 0.19591346153846154 0.3173076923076923 0.07451923076923077 0.06971153846153846
0 0.3317307692307692 0.20673076923076922 0.040865384615384616 0.04807692307692308
0 0.4879807692307692 0.109375 0.0889423076923077 0.07692307692307693
0 0.7355769230769231 0.1814903846153846 0.07451923076923077 0.06971153846153846
0 0.7632211538461539 0.35216346153846156 0.0673076923076923 0.06009615384615385
0 0.8040865384615384 0.5144230769230769 0.08173076923076923 0.06490384615384616
16 0.5600961538461539 0.7608173076923077 0.2644230769230769 0.2692307692307692
10 0.5360576923076923 0.9555288461538461 0.4230769230769231 0.0889423076923077
4 0.5408653846153846 0.29927884615384615 0.4951923076923077 0.46153846153846156
6 0.5048076923076923 0.3112980769230769 0.9903846153846154 0.6225961538461539