16 0.42908653846153844 0.6069711538461539 0.2403846153846154 0.27884615384615385
9 0.5060096153846154 0.47115384615384615 0.07932692307692307 0.0985576923076923
13 0.41947115384615385 0.8377403846153846 0.3870192307692308 0.15625
6 0.53125 0.22115384615384615 0.9375 0.4423076923076923
0 0.2776442307692308 0.15384615384615385 0.06009615384615385 0.055288461538461536
0 0.4675480769230769 0.2668269230769231 0.052884615384615384 0.05048076923076923
0 0.7211538461538461 0.28725961538461536 0.055288461538461536 0.05048076923076923
0 0.8317307692307693 0.2512019230769231 0.06490384615384616 0.04326923076923077
0 0.7620192307692307 0.14302884615384615 0.06971153846153846 0.05048076923076923
0 0.6189903846153846 0.15625 0.057692307692307696 0.04567307692307692
0 0.42788461538461536 0.0889423076923077 0.06971153846153846 0.052884615384615384