16 0.4951923076923077 0.4855769230769231 0.31009615384615385 0.19471153846153846
13 0.5108173076923077 0.6165865384615384 0.6033653846153846 0.14423076923076922
6 0.47716346153846156 0.25721153846153844 0.8341346153846154 0.36778846153846156
4 0.47836538461538464 0.28846153846153844 0.4326923076923077 0.19951923076923078
0 0.45072115384615385 0.2860576923076923 0.07211538461538461 0.038461538461538464
0 0.7487980769230769 0.3233173076923077 0.06009615384615385 0.028846153846153848
0 0.7355769230769231 0.24879807692307693 0.06971153846153846 0.04326923076923077
0 0.6814903846153846 0.12379807692307693 0.06490384615384616 0.03365384615384615
0 0.5396634615384616 0.16346153846153846 0.0673076923076923 0.040865384615384616
0 0.40384615384615385 0.13341346153846154 0.07932692307692307 0.04326923076923077
0 0.2764423076923077 0.20072115384615385 0.07692307692307693 0.04567307692307692
0 0.2127403846153846 0.25841346153846156 0.057692307692307696 0.036057692307692304
0 0.27884615384615385 0.31850961538461536 0.07692307692307693 0.040865384615384616
0 0.2536057692307692 0.40384615384615385 0.07211538461538461 0.05048076923076923