14 0.6586538461538461 0.6418269230769231 0.17548076923076922 0.17307692307692307
10 0.6682692307692307 0.8076923076923077 0.3894230769230769 0.17548076923076922
1 0.44591346153846156 0.2644230769230769 0.0625 0.0889423076923077
1 0.5048076923076923 0.3076923076923077 0.052884615384615384 0.0625
4 0.5865384615384616 0.2932692307692308 0.38461538461538464 0.41346153846153844
0 0.44711538461538464 0.3449519230769231 0.03365384615384615 0.04807692307692308
0 0.4987980769230769 0.38100961538461536 0.03125 0.04807692307692308
0 0.5096153846153846 0.5120192307692307 0.036057692307692304 0.038461538461538464
0 0.5576923076923077 0.5096153846153846 0.03365384615384615 0.036057692307692304
0 0.7487980769230769 0.3942307692307692 0.028846153846153848 0.04326923076923077
0 0.6887019230769231 0.21995192307692307 0.038461538461538464 0.052884615384615384
0 0.5420673076923077 0.18870192307692307 0.036057692307692304 0.057692307692307696
6 0.5721153846153846 0.2860576923076923 0.6057692307692307 0.5721153846153846