14 0.14182692307692307 0.5528846153846154 0.038461538461538464 0.038461538461538464
14 0.24158653846153846 0.18990384615384615 0.052884615384615384 0.04807692307692308
14 0.5697115384615384 0.27163461538461536 0.052884615384615384 0.05048076923076923
14 0.47475961538461536 0.6418269230769231 0.040865384615384616 0.038461538461538464
14 0.9098557692307693 0.3557692307692308 0.04807692307692308 0.04807692307692308
14 0.8221153846153846 0.7115384615384616 0.03365384615384615 0.05048076923076923
15 0.734375 0.9891826923076923 0.06009615384615385 0.021634615384615384
14 0.3954326923076923 0.9591346153846154 0.0673076923076923 0.04326923076923077
15 0.07211538461538461 0.8449519230769231 0.04567307692307692 0.08173076923076923
6 0.1814903846153846 0.4326923076923077 0.3629807692307692 0.25
6 0.10817307692307693 0.7043269230769231 0.21634615384615385 0.1971153846153846
7 0.4182692307692308 0.8233173076923077 0.4639423076923077 0.29086538461538464
6 0.7704326923076923 0.8882211538461539 0.30528846153846156 0.22355769230769232
6 0.84375 0.5877403846153846 0.28365384615384615 0.24278846153846154
6 0.5901442307692307 0.14302884615384615 0.3918269230769231 0.2860576923076923
6 0.26802884615384615 0.08653846153846154 0.28125 0.17307692307692307
8 0.515625 0.4831730769230769 0.32211538461538464 0.3485576923076923
8 0.8942307692307693 0.22596153846153846 0.21153846153846154 0.27403846153846156
10 0.5612980769230769 0.30288461538461536 0.11538461538461539 0.06971153846153846
10 0.9014423076923077 0.38341346153846156 0.0985576923076923 0.06490384615384616
10 0.8137019230769231 0.7487980769230769 0.07692307692307693 0.052884615384615384
10 0.47115384615384615 0.6634615384615384 0.09134615384615384 0.057692307692307696
10 0.140625 0.5769230769230769 0.10336538461538461 0.06490384615384616
10 0.23918269230769232 0.22235576923076922 0.10576923076923077 0.07451923076923077