16 0.4362980769230769 0.671875 0.23798076923076922 0.27403846153846156
9 0.5192307692307693 0.7307692307692307 0.06009615384615385 0.057692307692307696
5 0.4807692307692308 0.30408653846153844 0.7403846153846154 0.23076923076923078
1 0.7211538461538461 0.2920673076923077 0.08413461538461539 0.038461538461538464
1 0.71875 0.140625 0.08653846153846154 0.04326923076923077
6 0.4951923076923077 0.28125 0.8894230769230769 0.5024038461538461
0 0.28846153846153844 0.25721153846153844 0.055288461538461536 0.040865384615384616
0 0.23076923076923078 0.3894230769230769 0.038461538461538464 0.038461538461538464
0 0.15745192307692307 0.30528846153846156 0.04807692307692308 0.036057692307692304
0 0.20192307692307693 0.1778846153846154 0.052884615384615384 0.036057692307692304
0 0.44591346153846156 0.18269230769230768 0.04326923076923077 0.03365384615384615
0 0.5973557692307693 0.21033653846153846 0.03125 0.03365384615384615
0 0.6141826923076923 0.2824519230769231 0.04567307692307692 0.038461538461538464
0 0.6322115384615384 0.4206730769230769 0.038461538461538464 0.03365384615384615
0 0.7367788461538461 0.3629807692307692 0.04326923076923077 0.03365384615384615
0 0.8401442307692307 0.21514423076923078 0.04807692307692308 0.03125
0 0.765625 0.4050480769230769 0.052884615384615384 0.038461538461538464