16 0.5853365384615384 0.7824519230769231 0.3798076923076923 0.33413461538461536
9 0.6021634615384616 0.7932692307692307 0.14903846153846154 0.11298076923076923
9 0.6310096153846154 0.5769230769230769 0.10817307692307693 0.11057692307692307
9 0.4375 0.7259615384615384 0.08653846153846154 0.10336538461538461
9 0.7536057692307693 0.8966346153846154 0.11778846153846154 0.10336538461538461
0 0.23677884615384615 0.39663461538461536 0.10336538461538461 0.08413461538461539
0 0.5625 0.24639423076923078 0.09134615384615384 0.07692307692307693
0 0.6490384615384616 0.32091346153846156 0.09134615384615384 0.07932692307692307
0 0.7403846153846154 0.43149038461538464 0.09615384615384616 0.08413461538461539
0 0.46274038461538464 0.41346153846153844 0.09615384615384616 0.07932692307692307
0 0.3581730769230769 0.5048076923076923 0.09375 0.0625
6 0.49759615384615385 0.41225961538461536 0.9951923076923077 0.65625