16 0.5216346153846154 0.5853365384615384 0.3485576923076923 0.2620192307692308
11 0.5396634615384616 0.8209134615384616 0.8725961538461539 0.3581730769230769
6 0.47115384615384615 0.29086538461538464 0.9423076923076923 0.5817307692307693
0 0.21754807692307693 0.29086538461538464 0.07211538461538461 0.06971153846153846
0 0.2403846153846154 0.40625 0.08653846153846154 0.07692307692307693
0 0.38461538461538464 0.2776442307692308 0.0889423076923077 0.07211538461538461
0 0.5997596153846154 0.24519230769230768 0.08413461538461539 0.08173076923076923
0 0.7596153846153846 0.30408653846153844 0.08173076923076923 0.06971153846153846
0 0.7235576923076923 0.15384615384615385 0.09615384615384616 0.08173076923076923
0 0.5384615384615384 0.14423076923076922 0.08653846153846154 0.06490384615384616
0 0.3918269230769231 0.16346153846153846 0.0889423076923077 0.06971153846153846
0 0.24879807692307693 0.19230769230769232 0.08173076923076923 0.0625