16 0.5709134615384616 0.7860576923076923 0.3701923076923077 0.31971153846153844
9 0.5865384615384616 0.7980769230769231 0.1466346153846154 0.10576923076923077
9 0.6274038461538461 0.5841346153846154 0.10336538461538461 0.10576923076923077
9 0.4254807692307692 0.7223557692307693 0.08413461538461539 0.10096153846153846
9 0.7319711538461539 0.9086538461538461 0.11538461538461539 0.0985576923076923
0 0.24158653846153846 0.38341346153846156 0.10096153846153846 0.07932692307692307
0 0.5757211538461539 0.25 0.0889423076923077 0.07211538461538461
0 0.6574519230769231 0.328125 0.0889423076923077 0.07692307692307693
0 0.7427884615384616 0.44350961538461536 0.09375 0.07932692307692307
0 0.46634615384615385 0.4110576923076923 0.09375 0.07692307692307693
0 0.35697115384615385 0.4963942307692308 0.09134615384615384 0.057692307692307696
6 0.4963942307692308 0.4110576923076923 0.9927884615384616 0.6105769230769231