16 0.5348557692307693 0.5276442307692307 0.27403846153846156 0.19230769230769232
12 0.5120192307692307 0.7980769230769231 0.9759615384615384 0.3605769230769231
0 0.2439903846153846 0.36538461538461536 0.055288461538461536 0.052884615384615384
0 0.78125 0.3389423076923077 0.11298076923076923 0.08173076923076923
0 0.3954326923076923 0.2668269230769231 0.04567307692307692 0.06971153846153846
0 0.18990384615384615 0.18990384615384615 0.06490384615384616 0.0625
0 0.5444711538461539 0.07211538461538461 0.07211538461538461 0.06009615384615385
0 0.5120192307692307 0.1658653846153846 0.06009615384615385 0.04326923076923077
0 0.7704326923076923 0.10096153846153846 0.06490384615384616 0.04567307692307692
6 0.5108173076923077 0.23317307692307693 0.8413461538461539 0.43028846153846156
5 0.5324519230769231 0.2283653846153846 0.7307692307692307 0.38461538461538464