14 0.5432692307692307 0.6346153846153846 0.44711538461538464 0.29086538461538464
10 0.578125 0.8076923076923077 0.5 0.25
0 0.8112980769230769 0.5612980769230769 0.0985576923076923 0.07692307692307693
0 0.20793269230769232 0.7692307692307693 0.10817307692307693 0.07932692307692307
0 0.24158653846153846 0.5084134615384616 0.07932692307692307 0.057692307692307696
0 0.3245192307692308 0.3737980769230769 0.08653846153846154 0.06009615384615385
0 0.5096153846153846 0.3293269230769231 0.08653846153846154 0.0625
0 0.6875 0.3401442307692308 0.08653846153846154 0.06009615384615385
0 0.5540865384615384 0.4387019230769231 0.06971153846153846 0.052884615384615384
8 0.4963942307692308 0.42908653846153844 0.7091346153846154 0.4543269230769231
5 0.5096153846153846 0.44350961538461536 0.5528846153846154 0.29086538461538464