14 0.5240384615384616 0.7692307692307693 0.20673076923076922 0.11298076923076923
11 0.49759615384615385 0.8605769230769231 0.43509615384615385 0.1466346153846154
2 0.4795673076923077 0.6009615384615384 0.3269230769230769 0.2091346153846154
7 0.4855769230769231 0.4387019230769231 0.71875 0.5192307692307693
0 0.2403846153846154 0.5360576923076923 0.06009615384615385 0.04567307692307692
0 0.3629807692307692 0.5456730769230769 0.04807692307692308 0.04807692307692308
0 0.4098557692307692 0.5997596153846154 0.040865384615384616 0.040865384615384616
0 0.4014423076923077 0.41586538461538464 0.04326923076923077 0.04807692307692308
0 0.4074519230769231 0.4735576923076923 0.06009615384615385 0.05048076923076923
0 0.5204326923076923 0.43990384615384615 0.040865384615384616 0.04326923076923077
0 0.6526442307692307 0.375 0.04807692307692308 0.05048076923076923