16 0.4567307692307692 0.47716346153846156 0.18509615384615385 0.14903846153846154
13 0.4579326923076923 0.6189903846153846 0.2668269230769231 0.12980769230769232
4 0.46634615384615385 0.31490384615384615 0.20432692307692307 0.10576923076923077
6 0.47596153846153844 0.25721153846153844 0.49038461538461536 0.3269230769230769
0 0.3317307692307692 0.3137019230769231 0.07451923076923077 0.055288461538461536
0 0.3942307692307692 0.2620192307692308 0.040865384615384616 0.036057692307692304
0 0.44471153846153844 0.18269230769230768 0.05048076923076923 0.028846153846153848
0 0.5817307692307693 0.18389423076923078 0.04807692307692308 0.040865384615384616
0 0.5168269230769231 0.24759615384615385 0.055288461538461536 0.04326923076923077
0 0.5985576923076923 0.31009615384615385 0.04326923076923077 0.03125
0 0.48677884615384615 0.3473557692307692 0.04807692307692308 0.03365384615384615
0 0.5528846153846154 0.5985576923076923 0.036057692307692304 0.028846153846153848
0 0.29447115384615385 0.5901442307692307 0.04567307692307692 0.03125