14 0.53125 0.6370192307692307 0.4375 0.25721153846153844
10 0.5516826923076923 0.8137019230769231 0.4951923076923077 0.21153846153846154
0 0.8052884615384616 0.5877403846153846 0.09375 0.06971153846153846
0 0.18629807692307693 0.7427884615384616 0.10576923076923077 0.07211538461538461
0 0.24158653846153846 0.4855769230769231 0.07692307692307693 0.052884615384615384
0 0.33533653846153844 0.359375 0.08413461538461539 0.055288461538461536
0 0.5252403846153846 0.3317307692307692 0.08413461538461539 0.057692307692307696
0 0.7007211538461539 0.3581730769230769 0.08413461538461539 0.052884615384615384
0 0.5588942307692307 0.44350961538461536 0.0673076923076923 0.04807692307692308
8 0.5024038461538461 0.42908653846153844 0.6923076923076923 0.40384615384615385
5 0.5144230769230769 0.44471153846153844 0.5480769230769231 0.24759615384615385