16 0.4362980769230769 0.6610576923076923 0.4326923076923077 0.34375
9 0.36899038461538464 0.6286057692307693 0.14182692307692307 0.1346153846153846
9 0.5192307692307693 0.6514423076923077 0.13701923076923078 0.125
9 0.45913461538461536 0.7692307692307693 0.16346153846153846 0.15865384615384615
9 0.2608173076923077 0.7475961538461539 0.11538461538461539 0.125
9 0.5456730769230769 0.5444711538461539 0.14182692307692307 0.125
9 0.37740384615384615 0.5096153846153846 0.15625 0.12740384615384615
0 0.49038461538461536 0.30649038461538464 0.08173076923076923 0.08413461538461539
0 0.3329326923076923 0.38341346153846156 0.10576923076923077 0.09134615384615384
0 0.7259615384615384 0.4795673076923077 0.0673076923076923 0.0673076923076923
0 0.8653846153846154 0.3713942307692308 0.0673076923076923 0.0673076923076923
0 0.3954326923076923 0.20793269230769232 0.08413461538461539 0.07451923076923077
6 0.5396634615384616 0.3125 0.8990384615384616 0.6009615384615384
10 0.38822115384615385 0.8737980769230769 0.6153846153846154 0.24278846153846154