16 0.38221153846153844 0.6887019230769231 0.3485576923076923 0.3798076923076923
9 0.453125 0.7271634615384616 0.06490384615384616 0.06009615384615385
5 0.5372596153846154 0.3076923076923077 0.7451923076923077 0.3894230769230769
0 0.28725961538461536 0.1141826923076923 0.055288461538461536 0.057692307692307696
0 0.3581730769230769 0.2127403846153846 0.052884615384615384 0.05048076923076923
0 0.2608173076923077 0.3269230769230769 0.05048076923076923 0.04807692307692308
0 0.21754807692307693 0.2283653846153846 0.057692307692307696 0.0625
0 0.6622596153846154 0.3173076923076923 0.055288461538461536 0.04807692307692308
1 0.7992788461538461 0.20793269230769232 0.09615384615384616 0.0625
0 0.6502403846153846 0.45913461538461536 0.06009615384615385 0.055288461538461536
6 0.5348557692307693 0.32211538461538464 0.9302884615384616 0.6442307692307693