16 0.5600961538461539 0.7884615384615384 0.3605769230769231 0.3076923076923077
9 0.5769230769230769 0.8016826923076923 0.14423076923076922 0.10336538461538461
9 0.6237980769230769 0.5889423076923077 0.10096153846153846 0.10336538461538461
9 0.4182692307692308 0.7199519230769231 0.07932692307692307 0.0985576923076923
9 0.7175480769230769 0.9170673076923077 0.11057692307692307 0.09615384615384616
0 0.24639423076923078 0.3737980769230769 0.0985576923076923 0.07692307692307693
0 0.5841346153846154 0.2536057692307692 0.08653846153846154 0.06971153846153846
0 0.6634615384615384 0.33413461538461536 0.08653846153846154 0.07451923076923077
0 0.7451923076923077 0.4519230769230769 0.09134615384615384 0.07692307692307693
0 0.4699519230769231 0.4098557692307692 0.09134615384615384 0.07451923076923077
0 0.3581730769230769 0.49158653846153844 0.09134615384615384 0.055288461538461536
6 0.49399038461538464 0.4098557692307692 0.9879807692307693 0.5793269230769231