14 0.5 0.7704326923076923 0.21153846153846154 0.12740384615384615
11 0.46634615384615385 0.859375 0.4375 0.18269230769230768
2 0.4699519230769231 0.5985576923076923 0.3389423076923077 0.23317307692307693
7 0.49158653846153844 0.4375 0.7475961538461539 0.5697115384615384
0 0.23798076923076922 0.5132211538461539 0.0625 0.05048076923076923
0 0.3605769230769231 0.5336538461538461 0.05048076923076923 0.05048076923076923
0 0.4014423076923077 0.5913461538461539 0.04326923076923077 0.04326923076923077
0 0.40865384615384615 0.40865384615384615 0.04567307692307692 0.05048076923076923
0 0.4098557692307692 0.46634615384615385 0.0625 0.052884615384615384
0 0.5264423076923077 0.4411057692307692 0.04326923076923077 0.04567307692307692
0 0.6622596153846154 0.38822115384615385 0.05048076923076923 0.055288461538461536