16 0.49399038461538464 0.4855769230769231 0.32211538461538464 0.21394230769230768
13 0.5180288461538461 0.6153846153846154 0.6105769230769231 0.18509615384615385
6 0.46033653846153844 0.25961538461538464 0.8557692307692307 0.4230769230769231
4 0.4639423076923077 0.29086538461538464 0.44471153846153844 0.2283653846153846
0 0.4362980769230769 0.28966346153846156 0.07451923076923077 0.04326923076923077
0 0.7367788461538461 0.30649038461538464 0.06009615384615385 0.03365384615384615
0 0.7175480769230769 0.23197115384615385 0.07211538461538461 0.04807692307692308
0 0.6538461538461539 0.11298076923076923 0.0673076923076923 0.038461538461538464
0 0.5168269230769231 0.1622596153846154 0.06971153846153846 0.04567307692307692
0 0.3786057692307692 0.14182692307692307 0.08173076923076923 0.04807692307692308
0 0.25600961538461536 0.21754807692307693 0.07932692307692307 0.05048076923076923
0 0.1971153846153846 0.27884615384615385 0.06009615384615385 0.040865384615384616
0 0.2668269230769231 0.33413461538461536 0.07932692307692307 0.04567307692307692
0 0.24639423076923078 0.4206730769230769 0.07692307692307693 0.055288461538461536