14 0.5408653846153846 0.4831730769230769 0.3629807692307692 0.3317307692307692
13 0.5877403846153846 0.7680288461538461 0.65625 0.3701923076923077
0 0.29927884615384615 0.31490384615384615 0.04326923076923077 0.04807692307692308
0 0.5024038461538461 0.22596153846153846 0.036057692307692304 0.04567307692307692
0 0.5997596153846154 0.18990384615384615 0.03125 0.038461538461538464
0 0.7247596153846154 0.14302884615384615 0.036057692307692304 0.03125
0 0.6778846153846154 0.06009615384615385 0.036057692307692304 0.040865384615384616
0 0.5961538461538461 0.11778846153846154 0.036057692307692304 0.03365384615384615
0 0.5228365384615384 0.06850961538461539 0.03365384615384615 0.038461538461538464
0 0.46875 0.14182692307692307 0.03125 0.03365384615384615
0 0.39302884615384615 0.09735576923076923 0.036057692307692304 0.038461538461538464
0 0.3737980769230769 0.20192307692307693 0.036057692307692304 0.040865384615384616
0 0.2824519230769231 0.12860576923076922 0.036057692307692304 0.038461538461538464
0 0.2692307692307692 0.21875 0.036057692307692304 0.04567307692307692
6 0.46875 0.21995192307692307 0.8028846153846154 0.43990384615384615