14 0.6658653846153846 0.6334134615384616 0.18269230769230768 0.18028846153846154
10 0.6850961538461539 0.7980769230769231 0.3942307692307692 0.19230769230769232
1 0.4338942307692308 0.2668269230769231 0.0673076923076923 0.09134615384615384
1 0.4951923076923077 0.3076923076923077 0.055288461538461536 0.06490384615384616
4 0.5757211538461539 0.28966346153846156 0.4014423076923077 0.43028846153846156
0 0.43990384615384615 0.3473557692307692 0.036057692307692304 0.05048076923076923
0 0.49158653846153844 0.38100961538461536 0.03365384615384615 0.04807692307692308
0 0.5108173076923077 0.5120192307692307 0.038461538461538464 0.040865384615384616
0 0.5576923076923077 0.5060096153846154 0.036057692307692304 0.036057692307692304
0 0.7427884615384616 0.38100961538461536 0.03125 0.04326923076923077
0 0.6730769230769231 0.21033653846153846 0.040865384615384616 0.055288461538461536
0 0.5264423076923077 0.18629807692307693 0.038461538461538464 0.057692307692307696
6 0.5600961538461539 0.28966346153846156 0.6298076923076923 0.5793269230769231