14 0.6454326923076923 0.6550480769230769 0.16346153846153846 0.15865384615384615
10 0.6418269230769231 0.8209134615384616 0.3798076923076923 0.14182692307692307
1 0.4675480769230769 0.25961538461538464 0.055288461538461536 0.08413461538461539
1 0.5216346153846154 0.3088942307692308 0.04807692307692308 0.057692307692307696
4 0.6045673076923077 0.3016826923076923 0.35336538461538464 0.38461538461538464
0 0.46153846153846156 0.34134615384615385 0.03125 0.04567307692307692
0 0.5084134615384616 0.38100961538461536 0.028846153846153848 0.04567307692307692
0 0.5084134615384616 0.5132211538461539 0.03365384615384615 0.036057692307692304
0 0.5564903846153846 0.5144230769230769 0.03125 0.03365384615384615
0 0.7572115384615384 0.41586538461538464 0.026442307692307692 0.040865384615384616
0 0.7115384615384616 0.23798076923076922 0.03365384615384615 0.05048076923076923
0 0.5697115384615384 0.1935096153846154 0.03125 0.055288461538461536
6 0.5925480769230769 0.2776442307692308 0.5600961538461539 0.5552884615384616