16 0.4567307692307692 0.4795673076923077 0.18028846153846154 0.14423076923076922
13 0.46153846153846156 0.6201923076923077 0.2620192307692308 0.12259615384615384
4 0.45913461538461536 0.3161057692307692 0.20192307692307693 0.0985576923076923
6 0.4675480769230769 0.25841346153846156 0.4807692307692308 0.31009615384615385
0 0.32572115384615385 0.31971153846153844 0.07451923076923077 0.052884615384615384
0 0.3858173076923077 0.2668269230769231 0.040865384615384616 0.036057692307692304
0 0.4338942307692308 0.18509615384615385 0.04807692307692308 0.028846153846153848
0 0.5697115384615384 0.1814903846153846 0.04567307692307692 0.040865384615384616
0 0.5072115384615384 0.24759615384615385 0.052884615384615384 0.04326923076923077
0 0.5925480769230769 0.3076923076923077 0.040865384615384616 0.028846153846153848
0 0.4807692307692308 0.3473557692307692 0.04807692307692308 0.03365384615384615
0 0.5564903846153846 0.5973557692307693 0.036057692307692304 0.026442307692307692
0 0.2980769230769231 0.5973557692307693 0.04567307692307692 0.028846153846153848