14 0.5576923076923077 0.734375 0.5168269230769231 0.3076923076923077
5 0.5060096153846154 0.27283653846153844 0.9206730769230769 0.45913461538461536
6 0.4891826923076923 0.3125 0.9783653846153846 0.625
0 0.23557692307692307 0.5 0.12740384615384615 0.11298076923076923
0 0.16947115384615385 0.27403846153846156 0.11298076923076923 0.10096153846153846
0 0.41947115384615385 0.1310096153846154 0.11057692307692307 0.0889423076923077
0 0.6021634615384616 0.12860576923076922 0.09134615384615384 0.07451923076923077
0 0.7848557692307693 0.1875 0.08413461538461539 0.07451923076923077
0 0.8329326923076923 0.3016826923076923 0.09375 0.07451923076923077
0 0.7764423076923077 0.46153846153846156 0.10576923076923077 0.08413461538461539
0 0.4879807692307692 0.9338942307692307 0.08173076923076923 0.0625
0 0.11899038461538461 0.9555288461538461 0.07932692307692307 0.0673076923076923
0 0.9230769230769231 0.890625 0.09134615384615384 0.0673076923076923