15 0.47115384615384615 0.4963942307692308 0.2403846153846154 0.3245192307692308
9 0.4110576923076923 0.5889423076923077 0.038461538461538464 0.0673076923076923
9 0.5300480769230769 0.4951923076923077 0.04807692307692308 0.07932692307692307
9 0.37259615384615385 0.375 0.04326923076923077 0.07451923076923077
0 0.6105769230769231 0.27283653846153844 0.03365384615384615 0.038461538461538464
0 0.5961538461538461 0.10576923076923077 0.040865384615384616 0.040865384615384616
0 0.44350961538461536 0.10817307692307693 0.04807692307692308 0.05048076923076923
0 0.33052884615384615 0.08774038461538461 0.040865384615384616 0.038461538461538464
0 0.203125 0.234375 0.05048076923076923 0.04326923076923077
2 0.4411057692307692 0.22956730769230768 0.38221153846153844 0.2403846153846154
13 0.5336538461538461 0.7836538461538461 0.5600961538461539 0.35096153846153844
6 0.43509615384615385 0.24639423076923078 0.75 0.49278846153846156