14 0.5697115384615384 0.7307692307692307 0.5288461538461539 0.3317307692307692
5 0.49399038461538464 0.27283653846153844 0.9375 0.5048076923076923
6 0.49038461538461536 0.3245192307692308 0.9807692307692307 0.6490384615384616
0 0.23557692307692307 0.5132211538461539 0.13221153846153846 0.1201923076923077
0 0.15745192307692307 0.2920673076923077 0.11778846153846154 0.10576923076923077
0 0.40024038461538464 0.13581730769230768 0.11298076923076923 0.09375
0 0.5829326923076923 0.12379807692307693 0.09375 0.07932692307692307
0 0.7680288461538461 0.17307692307692307 0.0889423076923077 0.07932692307692307
0 0.8221153846153846 0.2848557692307692 0.0985576923076923 0.07932692307692307
0 0.7740384615384616 0.44711538461538464 0.11057692307692307 0.0889423076923077
0 0.5108173076923077 0.9338942307692307 0.08413461538461539 0.06490384615384616
0 0.14423076923076922 0.9699519230769231 0.08173076923076923 0.06009615384615385
0 0.9435096153846154 0.8677884615384616 0.09615384615384616 0.07211538461538461