16 0.5588942307692307 0.7019230769230769 0.4182692307692308 0.3918269230769231
5 0.4675480769230769 0.35697115384615385 0.6033653846153846 0.23557692307692307
8 0.46033653846153844 0.2932692307692308 0.9206730769230769 0.5865384615384616
0 0.6105769230769231 0.2920673076923077 0.057692307692307696 0.05048076923076923
0 0.6237980769230769 0.3317307692307692 0.038461538461538464 0.03365384615384615
0 0.6201923076923077 0.3629807692307692 0.038461538461538464 0.028846153846153848
0 0.7596153846153846 0.35697115384615385 0.04326923076923077 0.038461538461538464
0 0.7199519230769231 0.3762019230769231 0.04326923076923077 0.028846153846153848
0 0.6802884615384616 0.421875 0.04567307692307692 0.038461538461538464
0 0.5024038461538461 0.3245192307692308 0.04567307692307692 0.04326923076923077
0 0.3713942307692308 0.3701923076923077 0.05048076923076923 0.040865384615384616
0 0.39783653846153844 0.41466346153846156 0.055288461538461536 0.03365384615384615
0 0.3485576923076923 0.328125 0.03365384615384615 0.03365384615384615
0 0.32091346153846156 0.37259615384615385 0.040865384615384616 0.038461538461538464
0 0.21514423076923078 0.43028846153846156 0.026442307692307692 0.021634615384615384
0 0.19110576923076922 0.40024038461538464 0.026442307692307692 0.02403846153846154