14 0.5204326923076923 0.7524038461538461 0.09134615384615384 0.17307692307692307
10 0.53125 0.890625 0.13701923076923078 0.07211538461538461
6 0.49158653846153844 0.36658653846153844 0.6153846153846154 0.65625
0 0.39302884615384615 0.5360576923076923 0.04567307692307692 0.06971153846153846
0 0.6057692307692307 0.546875 0.038461538461538464 0.05048076923076923
0 0.6430288461538461 0.46875 0.057692307692307696 0.07451923076923077
0 0.7091346153846154 0.5144230769230769 0.036057692307692304 0.04567307692307692
0 0.6814903846153846 0.35096153846153844 0.03125 0.052884615384615384
0 0.7367788461538461 0.38100961538461536 0.036057692307692304 0.05048076923076923
0 0.6117788461538461 0.2956730769230769 0.04807692307692308 0.06009615384615385
0 0.6298076923076923 0.20072115384615385 0.03125 0.040865384615384616
0 0.5420673076923077 0.17668269230769232 0.05048076923076923 0.057692307692307696
0 0.4651442307692308 0.23798076923076922 0.055288461538461536 0.0673076923076923
0 0.3762019230769231 0.17307692307692307 0.040865384615384616 0.04567307692307692
0 0.3557692307692308 0.25961538461538464 0.040865384615384616 0.04326923076923077
0 0.32091346153846156 0.3329326923076923 0.06009615384615385 0.07451923076923077
0 0.28125 0.25 0.03365384615384615 0.04326923076923077
0 0.3245192307692308 0.42908653846153844 0.036057692307692304 0.05048076923076923
0 0.2668269230769231 0.47475961538461536 0.04326923076923077 0.06490384615384616