0 0.30528846153846156 0.4987980769230769 0.09375 0.07692307692307693
0 0.16947115384615385 0.37259615384615385 0.08173076923076923 0.07451923076923077
0 0.28365384615384615 0.2403846153846154 0.04326923076923077 0.05048076923076923
0 0.4206730769230769 0.11778846153846154 0.09375 0.08653846153846154
0 0.6766826923076923 0.14543269230769232 0.08173076923076923 0.07451923076923077
0 0.734375 0.3076923076923077 0.07451923076923077 0.0673076923076923
0 0.8016826923076923 0.46153846153846156 0.08653846153846154 0.07211538461538461
16 0.6045673076923077 0.7463942307692307 0.28846153846153844 0.2932692307692308
10 0.6153846153846154 0.9375 0.42788461538461536 0.125
4 0.5048076923076923 0.2956730769230769 0.5384615384615384 0.5096153846153846
6 0.5 0.33533653846153844 1 0.6706730769230769