16 0.5336538461538461 0.5300480769230769 0.28125 0.20192307692307693
12 0.4951923076923077 0.7980769230769231 0.9903846153846154 0.3942307692307692
0 0.2536057692307692 0.3473557692307692 0.057692307692307696 0.055288461538461536
0 0.7908653846153846 0.359375 0.11538461538461539 0.08413461538461539
0 0.4110576923076923 0.2608173076923077 0.04807692307692308 0.06971153846153846
0 0.2127403846153846 0.16947115384615385 0.0673076923076923 0.06490384615384616
0 0.5745192307692307 0.07692307692307693 0.07451923076923077 0.0625
0 0.5360576923076923 0.16706730769230768 0.06009615384615385 0.04567307692307692
0 0.7980769230769231 0.12139423076923077 0.06490384615384616 0.04807692307692308
6 0.5300480769230769 0.234375 0.8557692307692307 0.45913461538461536
5 0.5516826923076923 0.23197115384615385 0.7427884615384616 0.40865384615384615