14 0.4891826923076923 0.7536057692307693 0.07692307692307693 0.16826923076923078
10 0.4831730769230769 0.8918269230769231 0.13221153846153846 0.06009615384615385
6 0.5084134615384616 0.36658653846153844 0.5649038461538461 0.6105769230769231
0 0.3894230769230769 0.5216346153846154 0.040865384615384616 0.0673076923076923
0 0.5985576923076923 0.5588942307692307 0.03365384615384615 0.04807692307692308
0 0.6454326923076923 0.48677884615384615 0.052884615384615384 0.06971153846153846
0 0.7055288461538461 0.5396634615384616 0.03365384615384615 0.04326923076923077
0 0.6983173076923077 0.3737980769230769 0.026442307692307692 0.05048076923076923
0 0.7487980769230769 0.4110576923076923 0.03125 0.04807692307692308
0 0.6358173076923077 0.3112980769230769 0.04326923076923077 0.057692307692307696
0 0.6646634615384616 0.21875 0.028846153846153848 0.038461538461538464
0 0.5817307692307693 0.18389423076923078 0.04567307692307692 0.052884615384615384
0 0.49759615384615385 0.23557692307692307 0.05048076923076923 0.0625
0 0.4170673076923077 0.16105769230769232 0.038461538461538464 0.040865384615384616
0 0.3870192307692308 0.2439903846153846 0.036057692307692304 0.040865384615384616
0 0.3425480769230769 0.3125 0.052884615384615384 0.06971153846153846
0 0.3137019230769231 0.2247596153846154 0.028846153846153848 0.040865384615384616
0 0.33413461538461536 0.40865384615384615 0.03365384615384615 0.04807692307692308
0 0.27163461538461536 0.44711538461538464 0.036057692307692304 0.0625