16 0.484375 0.6790865384615384 0.37259615384615385 0.24278846153846154
9 0.40865384615384615 0.5336538461538461 0.11057692307692307 0.17548076923076922
9 0.5913461538461539 0.6959134615384616 0.1201923076923077 0.14423076923076922
5 0.4855769230769231 0.41466346153846156 0.3076923076923077 0.1201923076923077
6 0.4951923076923077 0.3762019230769231 0.6754807692307693 0.41586538461538464
0 0.31971153846153844 0.32211538461538464 0.04807692307692308 0.04567307692307692
0 0.29927884615384615 0.43509615384615385 0.03125 0.03365384615384615
0 0.4098557692307692 0.3641826923076923 0.04567307692307692 0.03365384615384615
0 0.5024038461538461 0.2920673076923077 0.04567307692307692 0.04567307692307692
0 0.6826923076923077 0.3485576923076923 0.040865384615384616 0.03365384615384615
0 0.6646634615384616 0.4651442307692308 0.03365384615384615 0.028846153846153848