16 0.4723557692307692 0.7391826923076923 0.35336538461538464 0.38221153846153844
9 0.5504807692307693 0.7307692307692307 0.06490384615384616 0.06009615384615385
0 0.25 0.29927884615384615 0.06490384615384616 0.052884615384615384
0 0.1502403846153846 0.234375 0.05048076923076923 0.04567307692307692
0 0.3894230769230769 0.19110576923076922 0.052884615384615384 0.04807692307692308
0 0.578125 0.265625 0.05048076923076923 0.04567307692307692
0 0.2127403846153846 0.4375 0.04807692307692308 0.04326923076923077
0 0.12980769230769232 0.3641826923076923 0.06009615384615385 0.06009615384615385
1 0.6538461538461539 0.1141826923076923 0.08653846153846154 0.055288461538461536
0 0.7896634615384616 0.16346153846153846 0.04807692307692308 0.040865384615384616
5 0.4423076923076923 0.3112980769230769 0.7475961538461539 0.3485576923076923
6 0.4675480769230769 0.30288461538461536 0.9350961538461539 0.6057692307692307