16 0.3737980769230769 0.7055288461538461 0.375 0.4014423076923077
9 0.4483173076923077 0.7295673076923077 0.0673076923076923 0.06490384615384616
0 0.3581730769230769 0.21153846153846154 0.0673076923076923 0.057692307692307696
0 0.2956730769230769 0.11177884615384616 0.052884615384615384 0.04807692307692308
0 0.5300480769230769 0.17307692307692307 0.055288461538461536 0.05048076923076923
0 0.6706730769230769 0.32091346153846156 0.052884615384615384 0.05048076923076923
0 0.2668269230769231 0.32211538461538464 0.05048076923076923 0.04567307692307692
0 0.22115384615384615 0.21995192307692307 0.06490384615384616 0.0625
1 0.8028846153846154 0.21514423076923078 0.08653846153846154 0.06009615384615385
0 0.9050480769230769 0.3173076923076923 0.05048076923076923 0.04567307692307692
5 0.5276442307692307 0.30408653846153844 0.7548076923076923 0.40625
6 0.5384615384615384 0.32211538461538464 0.9230769230769231 0.6442307692307693