16 0.5048076923076923 0.5877403846153846 0.31490384615384615 0.20673076923076922
11 0.47596153846153844 0.8329326923076923 0.8461538461538461 0.22115384615384615
6 0.5180288461538461 0.26322115384615385 0.8653846153846154 0.4807692307692308
0 0.26322115384615385 0.2403846153846154 0.0625 0.057692307692307696
0 0.26322115384615385 0.3581730769230769 0.07692307692307693 0.0625
0 0.42908653846153844 0.25961538461538464 0.07932692307692307 0.057692307692307696
0 0.6466346153846154 0.2692307692307692 0.07211538461538461 0.06971153846153846
0 0.7920673076923077 0.35697115384615385 0.07211538461538461 0.057692307692307696
0 0.7848557692307693 0.203125 0.08653846153846154 0.0673076923076923
0 0.6057692307692307 0.15865384615384615 0.07692307692307693 0.05048076923076923
0 0.4579326923076923 0.14903846153846154 0.07932692307692307 0.055288461538461536
0 0.3125 0.1502403846153846 0.07451923076923077 0.04807692307692308