9 0.42908653846153844 0.5108173076923077 0.07211538461538461 0.0673076923076923
9 0.5625 0.5865384615384616 0.0625 0.0673076923076923
9 0.6754807692307693 0.7716346153846154 0.08173076923076923 0.07692307692307693
9 0.47475961538461536 0.7199519230769231 0.08413461538461539 0.07932692307692307
9 0.4206730769230769 0.9074519230769231 0.07451923076923077 0.07211538461538461
0 0.109375 0.28365384615384615 0.12259615384615384 0.11778846153846154
0 0.1466346153846154 0.49759615384615385 0.10817307692307693 0.10576923076923077
0 0.30288461538461536 0.5576923076923077 0.10817307692307693 0.09615384615384616
0 0.7067307692307693 0.4338942307692308 0.15625 0.12259615384615384
0 0.6622596153846154 0.17067307692307693 0.16105769230769232 0.15384615384615385
0 0.46153846153846156 0.21033653846153846 0.11057692307692307 0.0985576923076923
0 0.2439903846153846 0.16346153846153846 0.11778846153846154 0.10336538461538461
0 0.2800480769230769 0.3629807692307692 0.125 0.0985576923076923
6 0.4675480769230769 0.35216346153846156 0.9350961538461539 0.7043269230769231
5 0.4651442307692308 0.3894230769230769 0.27163461538461536 0.15625
16 0.5408653846153846 0.7391826923076923 0.36778846153846156 0.3076923076923077