16 0.4699519230769231 0.7403846153846154 0.34375 0.2283653846153846
11 0.46634615384615385 0.9230769230769231 0.5625 0.15384615384615385
0 0.16947115384615385 0.45552884615384615 0.07692307692307693 0.0625
0 0.21754807692307693 0.2956730769230769 0.07692307692307693 0.06490384615384616
0 0.41586538461538464 0.32211538461538464 0.0625 0.040865384615384616
0 0.7475961538461539 0.3557692307692308 0.06009615384615385 0.05048076923076923
0 0.6334134615384616 0.27283653846153844 0.052884615384615384 0.052884615384615384
0 0.7944711538461539 0.23557692307692307 0.0625 0.052884615384615384
0 0.33774038461538464 0.2091346153846154 0.07211538461538461 0.040865384615384616
0 0.5612980769230769 0.13221153846153846 0.0625 0.04807692307692308
6 0.4951923076923077 0.34615384615384615 0.9903846153846154 0.6923076923076923