16 0.47115384615384615 0.6706730769230769 0.3894230769230769 0.27163461538461536
9 0.39903846153846156 0.6526442307692307 0.12259615384615384 0.11538461538461539
9 0.5504807692307693 0.6442307692307693 0.1201923076923077 0.10336538461538461
9 0.515625 0.7728365384615384 0.13942307692307693 0.13221153846153846
9 0.3173076923076923 0.7920673076923077 0.09615384615384616 0.11057692307692307
9 0.5540865384615384 0.5348557692307693 0.12259615384615384 0.10336538461538461
9 0.38221153846153844 0.5348557692307693 0.13942307692307693 0.10336538461538461
0 0.4495192307692308 0.3125 0.0673076923076923 0.07211538461538461
0 0.3125 0.4206730769230769 0.09375 0.07451923076923077
0 0.7163461538461539 0.4326923076923077 0.057692307692307696 0.057692307692307696
0 0.8305288461538461 0.2980769230769231 0.057692307692307696 0.057692307692307696
0 0.33774038461538464 0.23557692307692307 0.07211538461538461 0.0625
6 0.5 0.3088942307692308 0.8365384615384616 0.4423076923076923
10 0.46875 0.8882211538461539 0.6105769230769231 0.1201923076923077