16 0.5168269230769231 0.5348557692307693 0.052884615384615384 0.10817307692307693
11 0.5600961538461539 0.7487980769230769 0.3076923076923077 0.3581730769230769
6 0.4675480769230769 0.2956730769230769 0.43028846153846156 0.5120192307692307
0 0.37259615384615385 0.41466346153846156 0.04326923076923077 0.06971153846153846
0 0.4266826923076923 0.4338942307692308 0.040865384615384616 0.06971153846153846
0 0.5673076923076923 0.3870192307692308 0.038461538461538464 0.057692307692307696
0 0.6033653846153846 0.3112980769230769 0.036057692307692304 0.06009615384615385
0 0.5528846153846154 0.2644230769230769 0.04326923076923077 0.06971153846153846
0 0.53125 0.3161057692307692 0.040865384615384616 0.06971153846153846
0 0.47836538461538464 0.3125 0.040865384615384616 0.07932692307692307
0 0.5060096153846154 0.21153846153846154 0.038461538461538464 0.06009615384615385
0 0.4579326923076923 0.18509615384615385 0.03365384615384615 0.07211538461538461
0 0.3870192307692308 0.23076923076923078 0.038461538461538464 0.06009615384615385
0 0.4170673076923077 0.29447115384615385 0.040865384615384616 0.06971153846153846
0 0.3557692307692308 0.29927884615384615 0.04326923076923077 0.06971153846153846