14 0.4026442307692308 0.5745192307692307 0.3485576923076923 0.2403846153846154
13 0.37740384615384615 0.7644230769230769 0.5216346153846154 0.27163461538461536
1 0.9230769230769231 0.15865384615384615 0.15384615384615385 0.1201923076923077
6 0.4807692307692308 0.28966346153846156 0.8894230769230769 0.5793269230769231
5 0.4411057692307692 0.3317307692307692 0.4807692307692308 0.28846153846153844
0 0.41947115384615385 0.11778846153846154 0.04567307692307692 0.038461538461538464
0 0.45913461538461536 0.1141826923076923 0.028846153846153848 0.021634615384615384
0 0.5745192307692307 0.13942307692307693 0.04807692307692308 0.036057692307692304
0 0.6153846153846154 0.13341346153846154 0.040865384615384616 0.04326923076923077
0 0.7175480769230769 0.24879807692307693 0.040865384615384616 0.028846153846153848
0 0.7536057692307693 0.25240384615384615 0.036057692307692304 0.028846153846153848
0 0.7644230769230769 0.31971153846153844 0.040865384615384616 0.03125
0 0.7848557692307693 0.3737980769230769 0.040865384615384616 0.03125
0 0.8209134615384616 0.45072115384615385 0.052884615384615384 0.040865384615384616
0 0.2127403846153846 0.29447115384615385 0.036057692307692304 0.02403846153846154
0 0.15384615384615385 0.33653846153846156 0.036057692307692304 0.03125
0 0.18028846153846154 0.2980769230769231 0.036057692307692304 0.026442307692307692
0 0.15144230769230768 0.4266826923076923 0.036057692307692304 0.036057692307692304
0 0.2824519230769231 0.1141826923076923 0.04326923076923077 0.036057692307692304
0 0.3004807692307692 0.13942307692307693 0.03365384615384615 0.028846153846153848