16 0.38341346153846156 0.6141826923076923 0.15865384615384615 0.11057692307692307
16 0.6598557692307693 0.45913461538461536 0.15384615384615385 0.11298076923076923
13 0.6658653846153846 0.5588942307692307 0.20192307692307693 0.1201923076923077
13 0.34134615384615385 0.6574519230769231 0.29086538461538464 0.1971153846153846
9 0.7007211538461539 0.4675480769230769 0.0625 0.07692307692307693
0 0.78125 0.28365384615384615 0.0625 0.055288461538461536
0 0.6923076923076923 0.22596153846153846 0.06971153846153846 0.04807692307692308
0 0.5721153846153846 0.28365384615384615 0.07211538461538461 0.05048076923076923
0 0.3605769230769231 0.3894230769230769 0.0625 0.04326923076923077
0 0.4807692307692308 0.45913461538461536 0.06009615384615385 0.055288461538461536
0 0.3016826923076923 0.4543269230769231 0.05048076923076923 0.04326923076923077
5 0.38461538461538464 0.5240384615384616 0.13221153846153846 0.09375
5 0.6598557692307693 0.3545673076923077 0.14182692307692307 0.09375
6 0.36899038461538464 0.44591346153846156 0.40625 0.3076923076923077
6 0.6706730769230769 0.28125 0.49759615384615385 0.3629807692307692