14 0.5144230769230769 0.5528846153846154 0.3485576923076923 0.25721153846153844
10 0.5024038461538461 0.7800480769230769 0.6754807692307693 0.2980769230769231
0 0.1502403846153846 0.3016826923076923 0.12980769230769232 0.08653846153846154
0 0.03485576923076923 0.14182692307692307 0.06971153846153846 0.07692307692307693
0 0.2403846153846154 0.09495192307692307 0.09615384615384616 0.06971153846153846
0 0.4855769230769231 0.19831730769230768 0.12980769230769232 0.09134615384615384
0 0.6153846153846154 0.021634615384615384 0.10576923076923077 0.04326923076923077
0 0.8305288461538461 0.037259615384615384 0.0985576923076923 0.07451923076923077
0 0.8209134615384616 0.27524038461538464 0.10096153846153846 0.0889423076923077
0 0.9350961538461539 0.22596153846153846 0.06490384615384616 0.04807692307692308
5 0.484375 0.19831730769230768 0.96875 0.39663461538461536
6 0.49278846153846156 0.25961538461538464 0.9855769230769231 0.5192307692307693