16 0.5192307692307693 0.671875 0.4326923076923077 0.34375
9 0.44471153846153844 0.6742788461538461 0.14182692307692307 0.1346153846153846
9 0.5877403846153846 0.6237980769230769 0.13701923076923078 0.125
9 0.5901442307692307 0.7572115384615384 0.16346153846153846 0.15865384615384615
9 0.4050480769230769 0.8305288461538461 0.11538461538461539 0.125
9 0.5612980769230769 0.5180288461538461 0.14182692307692307 0.125
9 0.39663461538461536 0.5661057692307693 0.15625 0.12740384615384615
0 0.40024038461538464 0.33413461538461536 0.08173076923076923 0.08413461538461539
0 0.2980769230769231 0.47475961538461536 0.10576923076923077 0.09134615384615384
0 0.6899038461538461 0.3762019230769231 0.0673076923076923 0.0673076923076923
0 0.7620192307692307 0.21514423076923078 0.0673076923076923 0.0673076923076923
0 0.2704326923076923 0.29086538461538464 0.08413461538461539 0.07451923076923077
6 0.4483173076923077 0.31490384615384615 0.8966346153846154 0.6009615384615384
10 0.5769230769230769 0.8798076923076923 0.6153846153846154 0.2403846153846154