16 0.5540865384615384 0.4543269230769231 0.29086538461538464 0.28365384615384615
16 0.26802884615384615 0.5132211538461539 0.1658653846153846 0.15865384615384615
16 0.7956730769230769 0.5805288461538461 0.11538461538461539 0.09375
12 0.2668269230769231 0.6418269230769231 0.18509615384615385 0.11778846153846154
12 0.5396634615384616 0.671875 0.3004807692307692 0.17307692307692307
12 0.7992788461538461 0.671875 0.1778846153846154 0.10576923076923077
4 0.25240384615384615 0.37259615384615385 0.22115384615384615 0.125
4 0.7944711538461539 0.5 0.11538461538461539 0.07932692307692307
8 0.8161057692307693 0.4879807692307692 0.20192307692307693 0.1201923076923077
4 0.5540865384615384 0.2283653846153846 0.23557692307692307 0.16346153846153846
6 0.5877403846153846 0.17427884615384615 0.5168269230769231 0.3245192307692308
0 0.625 0.140625 0.08413461538461539 0.06490384615384616
0 0.6658653846153846 0.19471153846153846 0.0625 0.057692307692307696
0 0.7055288461538461 0.23076923076923078 0.08653846153846154 0.055288461538461536
0 0.515625 0.11899038461538461 0.08653846153846154 0.07692307692307693
0 0.4543269230769231 0.19110576923076922 0.07211538461538461 0.0625
0 0.40865384615384615 0.21875 0.07932692307692307 0.0625