14 0.5793269230769231 0.7584134615384616 0.20432692307692307 0.10576923076923077
11 0.5733173076923077 0.8533653846153846 0.4326923076923077 0.13221153846153846
2 0.5 0.6021634615384616 0.32211538461538464 0.1971153846153846
7 0.4735576923076923 0.44350961538461536 0.7043269230769231 0.49759615384615385
0 0.2536057692307692 0.5889423076923077 0.06009615384615385 0.04326923076923077
0 0.3762019230769231 0.5733173076923077 0.04567307692307692 0.04567307692307692
0 0.4326923076923077 0.6153846153846154 0.038461538461538464 0.040865384615384616
0 0.3858173076923077 0.4387019230769231 0.040865384615384616 0.04567307692307692
0 0.40384615384615385 0.49399038461538464 0.057692307692307696 0.04807692307692308
0 0.5072115384615384 0.4362980769230769 0.038461538461538464 0.04326923076923077
0 0.6225961538461539 0.34615384615384615 0.04567307692307692 0.05048076923076923