16 0.4411057692307692 0.7355769230769231 0.36538461538461536 0.2668269230769231
11 0.41466346153846156 0.9026442307692307 0.5697115384615384 0.19471153846153846
0 0.17668269230769232 0.41466346153846156 0.08173076923076923 0.06971153846153846
0 0.2439903846153846 0.26322115384615385 0.08173076923076923 0.07211538461538461
0 0.4375 0.3137019230769231 0.0673076923076923 0.04807692307692308
0 0.7632211538461539 0.3870192307692308 0.06490384615384616 0.057692307692307696
0 0.6598557692307693 0.29086538461538464 0.057692307692307696 0.057692307692307696
0 0.8245192307692307 0.27283653846153844 0.0673076923076923 0.06009615384615385
0 0.3737980769230769 0.19110576923076922 0.07692307692307693 0.04807692307692308
0 0.6057692307692307 0.14302884615384615 0.0673076923076923 0.055288461538461536
6 0.5 0.3737980769230769 1 0.7475961538461539