16 0.12860576923076922 0.7992788461538461 0.12740384615384615 0.15384615384615385
13 0.1045673076923077 0.9038461538461539 0.15384615384615385 0.08653846153846154
13 0.36658653846153844 0.9435096153846154 0.06971153846153846 0.06971153846153846
13 0.6177884615384616 0.96875 0.18269230769230768 0.0625
16 0.36899038461538464 0.8810096153846154 0.052884615384615384 0.06009615384615385
16 0.6430288461538461 0.8665865384615384 0.15865384615384615 0.1778846153846154
16 0.8966346153846154 0.9651442307692307 0.0625 0.06971153846153846
9 0.1778846153846154 0.6814903846153846 0.0673076923076923 0.11057692307692307
9 0.6105769230769231 0.8473557692307693 0.08173076923076923 0.12980769230769232
0 0.10576923076923077 0.4362980769230769 0.040865384615384616 0.07211538461538461
0 0.17548076923076922 0.3581730769230769 0.038461538461538464 0.052884615384615384
0 0.22596153846153846 0.39663461538461536 0.05048076923076923 0.07692307692307693
0 0.2644230769230769 0.5324519230769231 0.040865384615384616 0.052884615384615384
0 0.2439903846153846 0.6021634615384616 0.028846153846153848 0.052884615384615384
0 0.08173076923076923 0.5721153846153846 0.04326923076923077 0.0625
0 0.3629807692307692 0.7055288461538461 0.028846153846153848 0.040865384615384616
0 0.41586538461538464 0.703125 0.026442307692307692 0.04326923076923077
0 0.6165865384615384 0.453125 0.057692307692307696 0.10817307692307693
0 0.5264423076923077 0.5709134615384616 0.04326923076923077 0.0673076923076923
0 0.6875 0.3786057692307692 0.038461538461538464 0.06490384615384616
0 0.765625 0.42908653846153844 0.06009615384615385 0.10576923076923077
0 0.7403846153846154 0.296875 0.0673076923076923 0.08653846153846154
0 0.8377403846153846 0.328125 0.04807692307692308 0.06009615384615385
0 0.8461538461538461 0.4651442307692308 0.04807692307692308 0.08653846153846154
0 0.9230769230769231 0.7608173076923077 0.05048076923076923 0.0673076923076923
0 0.8653846153846154 0.8545673076923077 0.04326923076923077 0.0625
0 0.9254807692307693 0.8473557692307693 0.03125 0.055288461538461536
4 0.6838942307692307 0.6045673076923077 0.25961538461538464 0.23076923076923078
2 0.3858173076923077 0.7728365384615384 0.04807692307692308 0.05048076923076923
5 0.17908653846153846 0.5024038461538461 0.1346153846153846 0.17067307692307693
6 0.1875 0.5 0.34375 0.47596153846153844
6 0.39903846153846156 0.7247596153846154 0.16346153846153846 0.1875
6 0.6959134615384616 0.5036057692307693 0.4807692307692308 0.6057692307692307
6 0.8966346153846154 0.7956730769230769 0.1466346153846154 0.25