9 0.43028846153846156 0.4831730769230769 0.0673076923076923 0.0625
9 0.5240384615384616 0.6045673076923077 0.057692307692307696 0.0625
9 0.5564903846153846 0.8185096153846154 0.07451923076923077 0.06971153846153846
9 0.390625 0.6923076923076923 0.07692307692307693 0.07211538461538461
9 0.26802884615384615 0.84375 0.06971153846153846 0.06490384615384616
0 0.22596153846153846 0.14783653846153846 0.11298076923076923 0.10576923076923077
0 0.17668269230769232 0.359375 0.10096153846153846 0.09615384615384616
0 0.2956730769230769 0.47596153846153844 0.10096153846153846 0.08653846153846154
0 0.7163461538461539 0.5192307692307693 0.14903846153846154 0.10817307692307693
0 0.7776442307692307 0.25961538461538464 0.14903846153846154 0.13942307692307693
0 0.5769230769230769 0.21875 0.10576923076923077 0.0889423076923077
0 0.39663461538461536 0.09134615384615384 0.11057692307692307 0.09375
0 0.35096153846153844 0.28846153846153844 0.1201923076923077 0.08653846153846154
6 0.5036057692307693 0.32211538461538464 0.9735576923076923 0.6442307692307693
5 0.5108173076923077 0.38461538461538464 0.2668269230769231 0.12740384615384615
16 0.44350961538461536 0.7355769230769231 0.3485576923076923 0.27403846153846156