16 0.5192307692307693 0.6790865384615384 0.41586538461538464 0.3942307692307692
11 0.5612980769230769 0.9146634615384616 0.6947115384615384 0.17067307692307693
0 0.4951923076923077 0.3425480769230769 0.0625 0.05048076923076923
0 0.6634615384615384 0.33653846153846156 0.052884615384615384 0.04807692307692308
0 0.6983173076923077 0.45552884615384615 0.08653846153846154 0.052884615384615384
0 0.8317307692307693 0.5084134615384616 0.057692307692307696 0.04567307692307692
0 0.84375 0.41466346153846156 0.07692307692307693 0.06009615384615385
0 0.7776442307692307 0.3161057692307692 0.057692307692307696 0.06009615384615385
0 0.8064903846153846 0.25961538461538464 0.055288461538461536 0.04326923076923077
0 0.30408653846153844 0.37740384615384615 0.0625 0.05048076923076923
0 0.2283653846153846 0.3545673076923077 0.04807692307692308 0.04326923076923077
0 0.18028846153846154 0.27163461538461536 0.0673076923076923 0.052884615384615384
0 0.30649038461538464 0.23918269230769232 0.055288461538461536 0.05048076923076923
0 0.45552884615384615 0.2512019230769231 0.040865384615384616 0.038461538461538464
0 0.5793269230769231 0.19230769230769232 0.07692307692307693 0.05048076923076923
0 0.6850961538461539 0.18389423076923078 0.0673076923076923 0.055288461538461536
0 0.7692307692307693 0.1622596153846154 0.07451923076923077 0.055288461538461536
0 0.6213942307692307 0.10216346153846154 0.055288461538461536 0.04567307692307692
0 0.5144230769230769 0.1141826923076923 0.052884615384615384 0.040865384615384616
0 0.42427884615384615 0.16826923076923078 0.0673076923076923 0.04567307692307692
0 0.265625 0.15625 0.05048076923076923 0.04326923076923077
0 0.1875 0.17908653846153846 0.04567307692307692 0.05048076923076923
0 0.3605769230769231 0.09134615384615384 0.04326923076923077 0.05048076923076923
0 0.4795673076923077 0.04927884615384615 0.06971153846153846 0.05048076923076923
0 0.6033653846153846 0.040865384615384616 0.040865384615384616 0.03365384615384615
6 0.5120192307692307 0.29086538461538464 0.9759615384615384 0.5817307692307693