16 0.37259615384615385 0.6021634615384616 0.15144230769230768 0.09615384615384616
16 0.6622596153846154 0.47596153846153844 0.14423076923076922 0.10096153846153846
13 0.6586538461538461 0.5757211538461539 0.19230769230769232 0.10096153846153846
13 0.32572115384615385 0.6394230769230769 0.2764423076923077 0.16826923076923078
9 0.703125 0.4879807692307692 0.055288461538461536 0.07211538461538461
0 0.8028846153846154 0.3137019230769231 0.057692307692307696 0.05048076923076923
0 0.7199519230769231 0.24639423076923078 0.0673076923076923 0.040865384615384616
0 0.59375 0.2920673076923077 0.06971153846153846 0.04326923076923077
0 0.37259615384615385 0.3762019230769231 0.06009615384615385 0.038461538461538464
0 0.4855769230769231 0.4567307692307692 0.055288461538461536 0.05048076923076923
0 0.3076923076923077 0.4338942307692308 0.04807692307692308 0.038461538461538464
5 0.38221153846153844 0.5108173076923077 0.125 0.08173076923076923
5 0.6730769230769231 0.37259615384615385 0.1346153846153846 0.08173076923076923
6 0.375 0.4326923076923077 0.38221153846153844 0.27163461538461536
6 0.6923076923076923 0.3004807692307692 0.46875 0.3173076923076923