14 0.5072115384615384 0.640625 0.4206730769230769 0.21634615384615385
10 0.4963942307692308 0.8173076923076923 0.4855769230769231 0.16105769230769232
0 0.7848557692307693 0.6394230769230769 0.0889423076923077 0.06009615384615385
0 0.14783653846153846 0.6850961538461539 0.0985576923076923 0.0625
0 0.24879807692307693 0.4411057692307692 0.07451923076923077 0.04567307692307692
0 0.3629807692307692 0.3329326923076923 0.07932692307692307 0.04807692307692308
0 0.5540865384615384 0.33774038461538464 0.07932692307692307 0.05048076923076923
0 0.7223557692307693 0.3942307692307692 0.07932692307692307 0.04567307692307692
0 0.5673076923076923 0.4543269230769231 0.06490384615384616 0.04326923076923077
8 0.5144230769230769 0.43028846153846156 0.6634615384615384 0.3389423076923077
5 0.5240384615384616 0.4483173076923077 0.5336538461538461 0.19471153846153846