16 0.4338942307692308 0.6550480769230769 0.14182692307692307 0.2403846153846154
10 0.47716346153846156 0.8149038461538461 0.25 0.15384615384615385
6 0.36658653846153844 0.39783653846153844 0.5528846153846154 0.38461538461538464
5 0.39663461538461536 0.4411057692307692 0.21394230769230768 0.16105769230769232
0 0.47836538461538464 0.3942307692307692 0.057692307692307696 0.04567307692307692
0 0.5552884615384616 0.3918269230769231 0.06009615384615385 0.04326923076923077
0 0.5709134615384616 0.4338942307692308 0.04567307692307692 0.038461538461538464
0 0.5108173076923077 0.45913461538461536 0.07451923076923077 0.052884615384615384
0 0.5240384615384616 0.34615384615384615 0.0673076923076923 0.05048076923076923
0 0.5144230769230769 0.3088942307692308 0.06009615384615385 0.04807692307692308
0 0.40865384615384615 0.36899038461538464 0.0673076923076923 0.055288461538461536
0 0.3581730769230769 0.35336538461538464 0.057692307692307696 0.040865384615384616
0 0.34375 0.3161057692307692 0.08173076923076923 0.06009615384615385
0 0.2608173076923077 0.3605769230769231 0.07692307692307693 0.06490384615384616
0 0.23317307692307693 0.42788461538461536 0.0625 0.05048076923076923
0 0.2764423076923077 0.46274038461538464 0.038461538461538464 0.036057692307692304
0 0.31850961538461536 0.5108173076923077 0.0625 0.04807692307692308
0 0.2247596153846154 0.5024038461538461 0.08413461538461539 0.0673076923076923
0 0.171875 0.4651442307692308 0.07211538461538461 0.06490384615384616
9 0.44471153846153844 0.6237980769230769 0.0625 0.08173076923076923