16 0.2536057692307692 0.9086538461538461 0.12740384615384615 0.15384615384615385
13 0.2644230769230769 0.9855769230769231 0.15384615384615385 0.028846153846153848
13 0.5264423076923077 0.9627403846153846 0.06971153846153846 0.06971153846153846
13 0.7776442307692307 0.9170673076923077 0.18269230769230768 0.0985576923076923
16 0.5072115384615384 0.9026442307692307 0.052884615384615384 0.06009615384615385
16 0.7596153846153846 0.7956730769230769 0.15865384615384615 0.1778846153846154
9 0.25841346153846156 0.7800480769230769 0.0673076923076923 0.11057692307692307
9 0.7235576923076923 0.7884615384615384 0.08173076923076923 0.12980769230769232
0 0.10817307692307693 0.5757211538461539 0.040865384615384616 0.07211538461538461
0 0.1466346153846154 0.47836538461538464 0.038461538461538464 0.052884615384615384
0 0.20793269230769232 0.4963942307692308 0.05048076923076923 0.07692307692307693
0 0.28966346153846156 0.6117788461538461 0.040865384615384616 0.052884615384615384
0 0.29447115384615385 0.6838942307692307 0.028846153846153848 0.052884615384615384
0 0.13221153846153846 0.7103365384615384 0.04326923076923077 0.0625
0 0.4411057692307692 0.7403846153846154 0.028846153846153848 0.040865384615384616
0 0.49038461538461536 0.7199519230769231 0.026442307692307692 0.04326923076923077
0 0.59375 0.41586538461538464 0.057692307692307696 0.10817307692307693
0 0.5492788461538461 0.5576923076923077 0.04326923076923077 0.0673076923076923
0 0.6346153846153846 0.32091346153846156 0.038461538461538464 0.06490384615384616
0 0.7247596153846154 0.34375 0.06009615384615385 0.10576923076923077
0 0.6574519230769231 0.22716346153846154 0.0673076923076923 0.08653846153846154
0 0.7584134615384616 0.22235576923076922 0.04807692307692308 0.06009615384615385
0 0.8137019230769231 0.3485576923076923 0.04807692307692308 0.08653846153846154
0 0.9807692307692307 0.6009615384615384 0.038461538461538464 0.0673076923076923
0 0.9651442307692307 0.7079326923076923 0.04326923076923077 0.0625
4 0.7091346153846154 0.5348557692307693 0.25961538461538464 0.23076923076923078
2 0.4855769230769231 0.7956730769230769 0.04807692307692308 0.05048076923076923
5 0.19831730769230768 0.6117788461538461 0.1346153846153846 0.17067307692307693
6 0.20673076923076922 0.6069711538461539 0.34375 0.47596153846153844
6 0.48197115384615385 0.7463942307692307 0.16346153846153846 0.1875
6 0.6850961538461539 0.4362980769230769 0.4807692307692308 0.6057692307692307
6 0.9507211538461539 0.6418269230769231 0.0985576923076923 0.25