16 0.5024038461538461 0.5480769230769231 0.10817307692307693 0.08653846153846154
11 0.5168269230769231 0.7920673076923077 0.6610576923076923 0.375
5 0.5096153846153846 0.31009615384615385 0.5889423076923077 0.24759615384615385
6 0.49759615384615385 0.28725961538461536 0.9951923076923077 0.5072115384615384
0 0.16466346153846154 0.43028846153846156 0.10336538461538461 0.06971153846153846
0 0.7367788461538461 0.3858173076923077 0.09375 0.07692307692307693
0 0.7115384615384616 0.19230769230769232 0.10817307692307693 0.07692307692307693
0 0.5192307692307693 0.24639423076923078 0.10096153846153846 0.0673076923076923
0 0.5625 0.11658653846153846 0.10576923076923077 0.07932692307692307
0 0.33653846153846156 0.20673076923076922 0.11298076923076923 0.07692307692307693
0 0.15745192307692307 0.2091346153846154 0.10336538461538461 0.07692307692307693